135.750004046 0 0 0 0.0 0.0 0.0 1.0
135.750004046 0 0 0 0.0 0.0 0.0 1.0
135.833337381 -0.00011875318080478703 0.0003666437655465704 -3.948961921995675e-05 3.332446419650323e-05 6.237945273830213e-06 -6.960936206309225e-06 0.9999999994010568
135.833337381 8.172191041553217e-05 0.0011241901866121664 0.00011997017298129176 9.123857421410576e-05 -1.3152700460633515e-05 1.6952634489148494e-05 0.9999999956075687
135.916670717 0.0006396637665162183 0.001026204414590152 0.00030368046133092585 9.101180267312165e-05 -3.514229578252867e-05 -4.531204429745034e-06 0.9999999952306695
136.4053 0.0007157587603732718 0.001421108104011046 0.00040396515494915724 0.00011893064099905902 -3.102457984249313e-05 8.962991289465953e-06 0.9999999924063213
136.83337389 0.0011413198817169777 0.0012334353694943478 0.0006662666349047786 0.00011879400385218568 -6.096623728712585e-05 -1.4427821885252351e-05 0.9999999909814702
136.166670725 0.0005416942573018178 0.0017760145307366814 0.00043251520786241604 0.0001517293568203111 -1.6043869914176245e-05 -1.5333743317744803e-05 0.9999999882428364
136.250004061 0.0005691806393524085 0.0015605779548717703 0.000514499735055922 0.00014702430583858064 -1.5917684494462345e-05 -2.135657436608742e-05 0.9999999888371888
136.333337396 -4.7462051324353364e-05 0.0020257713470254414 0.0002336269111678042 0.00018390984609444787 1.2136029326094147e-05 -4.325047986955326e-05 0.9999999820796405
136.416670732 -0.1036383990694069 0.01876283834004864 -0.0014250998331090396 0.00132766054075152 -0.0037937263099615134 0.0005093070874047891 0.9999917927485527
137.833337441 0.2712293332852716 0.00905767191600669 0.3516099771932171 -0.0015701064625751385 -0.1597098488369487 -0.001391016709994305 0.987161771961763
139.500004157 0.2678529113854772 0.025917131509569855 0.5768164911644728 -0.0005517934040765366 -0.16205203298327703 -0.000976885656531438 0.986781576553008
139.916670837 0.012447457342440646 -0.03808198041875086 0.7426789867132967 -0.005209196501225794 -0.11983398724263691 -0.001900834702161239 0.9927784579657125
141.500004217 -0.47277608439576313 0.24739862264434384 1.3288372471299792 0.00943138383907792 -0.06234175044752524 0.02844362097764214 0.9976048895107215
143.583337612 0.07713018961023146 0.7506437805575682 2.2103531873946243 0.04797932245565204 0.035846704991065834 0.07723327444643115 0.9952125499993769
146.833337709 0.28018740650271545 0.6848763520438041 3.217868930072558 0.04354255376377175 0.09470719050548615 0.07918334075220525 0.9913952756724267
149.83337776 0.3496422922795202 0.5950481759907306 3.836792425493003 0.03273206061033279 0.21478370991078075 0.0903666169644194 0.9719210074401977
153.250004567 1.3788968352838136 0.8113978428573472 4.620257842396483 0.01952006168330271 0.4347843666068969 0.09406602132184688 0.8953955022105021
155.666671306 2.2319227119118676 1.1748950558779168 4.882522629526926 0.0373811434795986 0.47464536597843715 0.09902991947175606 0.8737891631948582
157.583338030 2.4268423203952088 1.2040333953943847 3.9262830733204783 0.013677212816017026 0.4566663911876103 0.08322177623595174 0.8856313437144165
160.750004791 3.227426464194516 1.3366545627027138 4.4497771599798215 0.014076562687120714 0.5653289619677961 0.09076192110708954 0.8197361092572902
163.4858 3.933881356754098 1.4231363960240841 4.66133635440379 0.012053774606390918 0.5591082935986688 0.08668477643004723 0.8244624746355627
165.583338268 4.568709389774586 1.5520120174015504 4.812460717300749 0.010531789683905288 0.6265998323606791 0.09152842720949317 0.7738761389939474
167.750004999 5.345617186243103 1.6046293044433668 5.002641147253531 0.006829557644879984 0.6337584681298561 0.09254993458813403 0.7679440544882196
169.750005059 5.92876209215932 1.644568032535183 5.10034661359198 0.004431079333376479 0.6343501017033308 0.092819671214589 0.7674404358909757
171.500005111 6.483860160559046 1.7248260758572826 5.1932872083494015 0.005342818071552267 0.6316710459197522 0.09092232686935986 0.7698676993603264
173.500005171 7.071747569994296 1.7707083296425614 5.318215790133974 0.002241602377646323 0.631564398337722 0.0873273889729257 0.7703864699657328
175.500005230 7.65404182783157 1.8570342208020942 5.523359746815935 0.0033071495081583658 0.6388957072284677 0.08593767154759235 0.764471094715912
177.416671954 8.289194650223 1.9426437279353792 5.642428362751361 0.003993843308851336 0.6397851741227267 0.08348749422611625 0.7639953000485152
179.333338678 8.896631514839829 2.0125469723462963 5.781179907338215 0.009321512273015604 0.6138079306980038 0.0861366203001245 0.7846868268707272
181.583338745 9.495948312516111 2.107156124200255 5.976586833012555 0.01780117147392843 0.5797656611160995 0.08844818886952416 0.8097726930259311
183.666672140 10.062749136229757 2.184967931704865 6.208424056673849 0.01598558184781064 0.5789766368691055 0.08493588539726758 0.8107505229751684
185.750005536 10.59340300614381 2.234319546444795 6.3628182758646625 0.01619274380992158 0.5794073575930042 0.08636909694376317 0.8102871639783747
187.916672267 11.100754729344606 2.3556640326859277 6.486840120477617 0.0200851895014154 0.5839939027065366 0.08595349353621858 0.8069446720272708
189.916672327 11.530391417808591 2.486908295069946 6.866044865441602 0.023498218105492744 0.5856039659331316 0.08561464421647227 0.8057207714369422
192.5722 11.970791914958058 2.580443987916898 7.0202335038505845 0.026409584390007065 0.5825550296381774 0.08147789946062457 0.8082657503538634
194.333339125 12.546397227865638 2.6410155948991862 7.468515816822253 0.03004807288720075 0.5614276864892876 0.07573553214774739 0.8235048241081221
196.666672528 13.145752071184504 2.7694892819331067 7.759129666664502 0.033971549015168474 0.5624679157389161 0.07057961609637879 0.8231004163609186
198.666672587 13.727106556169769 2.745803444803746 7.983065778481541 0.031516530974593435 0.5695799197607877 0.07205520534220135 0.8181646965395876
200.750005983 14.413964032550124 2.8923365089165083 8.093619384569152 0.038112635159652415 0.6208611567057241 0.0853897508707853 0.778323481324727
203.250006057 15.137288962937214 3.0619677822404 8.02735715330209 0.03021690643069993 0.7050153605459848 0.08095337327380236 0.7039082548994335
206.6139 15.9700419907321 3.239688008931781 7.5702010248135725 0.03113726758474018 0.7471679961688864 0.08191819696413254 0.6588321979643018
209.83339565 16.557964660615475 3.419628333532572 6.51992841499482 0.009108067360090266 0.772829441814605 0.06794639921981072 0.6309001377449145
213.166673020 18.590302655500903 3.361160551673565 7.580963621528222 -0.006832495566050427 0.8842492811916134 0.05292775851905698 0.4639560087924319
216.416673116 21.283390931607848 3.959684980430466 9.823387725187601 0.06620654729115259 0.9697644624489838 -0.016006777358628762 0.23434454025090726
220.750006579 23.047597656618024 3.8913983252272004 10.96016840818313 0.09881924688721348 0.9945265903200274 -0.013048534610020021 0.031326559587601256
233.83340280 23.95051755881901 3.926243319212474 10.624602353608623 0.12976772872832731 0.9898119567231212 -0.023759793685974067 -0.05355463670530717
238.333340436 23.581972428777313 3.9706879801037416 9.095646481055361 0.13612387167213966 0.9722388151354654 -0.00896821265481764 -0.19010930820649236
242.166673884 23.126487884591437 4.012091850784936 7.976997325284505 0.13582703045425804 0.9727011081187912 -0.007678140508795066 -0.1880016441970148
245.500007316 22.886973719905253 4.053037013699543 7.129270742209687 0.1330006432100782 0.9847488086738694 -0.019521520845809874 -0.11045145062409478
249.83340757 22.532019051665 4.083553158815791 6.070709705019219 0.13625662991976173 0.9707534528788446 -0.007891552041163569 -0.19750845028274525
253.583340891 21.978817051369195 4.172038609087098 4.877845976477925 0.12298711162393304 0.9737973525210171 -0.01388667755538056 -0.19078796289056943
257.750007682 21.48677206788827 4.165866094199977 3.8196633635271295 0.1015193349126502 0.973188431294941 -0.00916603181854869 -0.20618944127497474
262.416674487 20.88464834777071 4.218890950484645 2.6465275361285734 0.1082129204655106 0.9668665160513173 -0.009568499191816043 -0.23101417230622223
266.333341271 20.092739035363884 4.514425076406133 1.6456467185279946 0.11420900751433853 0.954002257173265 -0.016846265489231224 -0.2766806810205072
269.500008032 19.562164016821214 4.978850255184416 1.188795543642754 0.13569693714333825 0.9651656864579226 -0.03261015719709712 -0.2213100010883026
273.666674823 18.26238882686402 4.764962649973537 2.0030210936592043 0.19380109086430342 0.9575896573613875 0.017005347034072048 -0.21254176875747804
279.833341673 17.018493099455675 5.133689851805944 1.2555248054087842 0.16309815878021028 0.9389350137084534 0.06362010163050981 -0.29623050704364545
283.666675121 16.26857566024872 5.35519187007012 0.46748985477514154 0.149741619186391 0.9305067302709533 0.07389918125278229 -0.32599629355878507
287.416675232 16.04380808870422 5.484354028358643 -0.7496953691660587 0.13501408802210757 0.9058785913347073 0.09016916528592847 -0.3911837105870385
291.750008695 15.036435080596432 5.776281564192537 -1.5524729107890536 0.11229452359431048 0.8632991188030293 0.11792763089787904 -0.47770037190215137
295.916675486 13.534727356054267 5.420448039161544 -1.1196516168496276 0.1693019502602932 0.799562768674252 0.17903288736928677 -0.547707452777705
301.166675642 10.563875359774412 6.513981567099591 0.006791601821439085 0.21417730327543089 0.8356794163923537 0.1999979496406538 -0.46450922048903814
301.250008978 10.535165316440688 6.543169746149259 0.025013056495238644 0.21424103235434147 0.8342947050440574 0.19955378121954254 -0.4671524521954029
301.333342314 10.49375346043743 6.581802951461004 0.04002287726358642 0.2131283091847217 0.8315676070825586 0.2004286965679053 -0.4721228402303151
301.416675650 10.45173932092221 6.614463521726259 0.06715435216435103 0.21184901636021403 0.8298906177933325 0.20129056065995485 -0.4752722030110869
301.500008985 10.473315815963774 6.615908856434843 0.03435019821157577 0.20746316347301463 0.8234280177675909 0.2036752178743526 -0.48727994108206457
301.583342321 10.425780515425204 6.655172338770239 0.06923028857617451 0.2069160937138253 0.8208263654961395 0.20418694626157713 -0.4916680779194245
301.666675657 10.46777814577926 6.734180822201614 0.06040624220688935 0.20778605500569083 0.8144798919173037 0.1985349650998986 -0.5040152067550455
301.750008993 10.467378419860896 6.733989817859888 0.06114326288994421 0.2076173615306748 0.8146524727637793 0.19868023040892327 -0.5037484946434662
301.833342329 10.474259879179986 6.742426730047886 0.062182057110247275 0.20590891407397863 0.8151946207499984 0.19817032774975685 -0.5037735310679743
301.916675664 10.474852389525164 6.741938050936481 0.061825426910732714 0.20583326976464233 0.8151879160312253 0.19822917177215904 -0.5037921417342551
