136.83337389 0 0 0 0.0 0.0 0.0 1.0
136.166670725 -0.0008889004058612038 0.0 -0.0001503872779373694 0.0 0.0001224255941747774 0.0 0.9999999925059868
136.250004061 0.00012322238770784975 0.0 -0.0007776823935477836 0.0 0.00035540254990553674 0.0 0.9999999368445117
136.333337396 -0.0011303289038642394 0.0 -0.0009365895888332085 0.0 0.0002795320528995294 0.0 0.9999999609309149
136.416670732 -0.024919421088590313 0.0 -0.0037294164071816826 0.0 -0.00021472161801857644 0.0 0.999999976947313
136.500004068 -0.1797783801019428 0.0 -0.002465650324946852 0.0 -0.002319285070598857 0.0 0.9999973104547638
136.583337404 -0.26987278758231753 0.0 0.003857799400719254 0.0 -0.004753429156636023 0.0 0.9999887023918085
136.833337411 0.08025974192318652 0.0 -0.11944944211768875 0.0 -0.052358849097310346 0.0 0.9986283347277931
136.916670747 0.07652685712778937 0.0 -0.11812287611740804 0.0 -0.062332061050969535 0.0 0.9980554664772585
137.250004090 -0.007776194285500164 0.0 -0.19707107407322302 0.0 -0.11065581068216167 0.0 0.9938587885420512
137.416670762 -0.1091360369010363 0.0 -0.2377040893426495 0.0 -0.12791346917142016 0.0 0.991785331815576
137.750004105 -0.06151969791277228 0.0 -0.28996039153495107 0.0 -0.1523000674767228 0.0 0.9883343004503009
137.916670777 -0.21980994953740807 0.0 -0.3794155623804776 0.0 -0.15873715663847265 0.0 0.9873208774771923
138.83337449 -0.28216662324009884 0.0 -0.4268503587691408 0.0 -0.1585322195173641 0.0 0.9873538045578688
138.250004120 -0.28494399817684574 0.0 -0.4453500990722591 0.0 -0.15891840142782238 0.0 0.9872917206619457
138.416670792 -0.23559277741629334 0.0 -0.45374632141377197 0.0 -0.1582610376289096 0.0 0.9873973080622718
138.583337463 -0.23126759563978197 0.0 -0.45034832130773766 0.0 -0.15811016718674242 0.0 0.9874214779070689
138.666670799 -0.23527657731206642 0.0 -0.4528058803947418 0.0 -0.1580847658066736 0.0 0.9874255449500225
138.833337471 -0.22532757647184626 0.0 -0.45375844872043564 0.0 -0.15931134672456626 0.0 0.98722839039647
139.83337478 -0.24916609401477288 0.0 -0.44602682952106415 0.0 -0.15794032766718108 0.0 0.9874486583597061
139.250004150 -0.45369532332229817 0.0 -0.5123396364479107 0.0 -0.15856549952806695 0.0 0.9873484604532559
139.416670822 -0.3327197076226559 0.0 -0.5804984590730137 0.0 -0.16122825533187754 0.0 0.986917144284483
139.583337493 -0.36548511414446355 0.0 -0.6239212884385132 0.0 -0.16060230821455376 0.0 0.9870191986968427
139.750004165 -0.2977646972056258 0.0 -0.6435463107981594 0.0 -0.15018843566716994 0.0 0.9886573894893257
139.916670837 -0.37851723828620654 0.0 -0.7059630261913316 0.0 -0.11749317540809517 0.0 0.9930736899810217
140.83337508 -0.47980756694100496 0.0 -0.7574274891595666 0.0 -0.10474358937641545 0.0 0.9944992611784812
140.166670844 -0.4535397701924153 0.0 -0.7959373931944205 0.0 -0.10430943422341013 0.0 0.9945448918636062
140.416670851 -0.4014958500880176 0.0 -0.8630978921100082 0.0 -0.10538322412340517 0.0 0.9944316849705445
140.583337523 -0.44173379097664767 0.0 -0.8898083713470322 0.0 -0.10418603991857525 0.0 0.9945578259136494
140.833337530 -0.4461705916754368 0.0 -0.9952952385231868 0.0 -0.09647275927743876 0.0 0.9953356251623858
141.4202 -0.5412338568639061 0.0 -1.013301480163515 0.0 -0.08468735537596968 0.0 0.9964075731543915
141.166670874 -0.519470432906577 0.0 -1.0705942346670552 0.0 -0.06449393220581279 0.0 0.997918099198843
141.333337545 -0.4626221031544809 0.0 -1.1208710381684412 0.0 -0.05215591072912989 0.0 0.9986389542652615
141.500004217 -0.4679196126305725 0.0 -1.1690989202396669 0.0 -0.04180787791723013 0.0 0.9991256684441943
141.666670889 -0.4935201609437562 0.0 -1.241062549927021 0.0 -0.036459354021403045 0.0 0.9993351367305875
141.833337560 -0.5663468756266478 0.0 -1.2646190143793006 0.0 -0.022364770926202454 0.0 0.9997498772300092
142.4232 -0.5806488572617589 0.0 -1.3367995829038057 0.0 -0.012653375408844711 0.0 0.999919942840807
142.83337568 -0.6425018493139731 0.0 -1.363563036569861 0.0 -0.005886100463865335 0.0 0.9999826767606174
142.250004239 -0.6066092259129983 0.0 -1.3815142806015872 0.0 -0.010165326596714621 0.0 0.9999483317327861
142.583337583 -0.3916300447255042 0.0 -1.5095375746606685 0.0 0.007044354535248026 0.0 0.9999751882267788
142.750004254 -0.5240363347914643 0.0 -1.5950023906326694 0.0 0.0345113680860171 0.0 0.9994043053103341
142.833337590 -0.49264800763786987 0.0 -1.5945440968313787 0.0 0.04126944285307135 0.0 0.9991480536369959
143.4262 -0.44085248700446733 0.0 -1.6273542928533848 0.0 0.049957660747932064 0.0 0.9987513364860118
143.166670933 -0.3657151023926402 0.0 -1.6765507440346112 0.0 0.056667964146621834 0.0 0.9983930798235118
143.500004277 -0.42372462672817446 0.0 -1.8583296777088079 0.0 0.1035515778356223 0.0 0.9946240851335508
143.583337612 -0.4313094264543421 0.0 -1.867972911676406 0.0 0.10476170413975266 0.0 0.9944973531114776
143.750004284 -0.2743485457117507 0.0 -1.8624148320251361 0.0 0.09722353267194235 0.0 0.9952625707293467
143.916670956 -0.30522839415994724 0.0 -1.969651899675481 0.0 0.10211576196493675 0.0 0.9947725223177007
144.83337627 -0.2589531296184065 0.0 -1.9716741221866572 0.0 0.09954670672282208 0.0 0.9950328905019373
144.250004299 -0.24010698790662488 0.0 -2.009934316991244 0.0 0.09855138955650064 0.0 0.9951319629157144
144.416670971 -0.23532562106730742 0.0 -2.067849263148938 0.0 0.09942092523072302 0.0 0.9950454661101004
144.583337642 -0.25164030691952427 0.0 -2.1514796032278536 0.0 0.10371752153891348 0.0 0.9946067945302932
144.750004314 -0.23250044162065137 0.0 -2.1533099991480875 0.0 0.10051448334083116 0.0 0.9949355952214826
145.4321 -0.2633948554794606 0.0 -2.216568007344074 0.0 0.1027241443984702 0.0 0.9947098824067258
145.166670993 -0.28903382360625046 0.0 -2.2799555435619654 0.0 0.10918145106743346 0.0 0.9940218361498955
145.333337665 -0.2514607226206968 0.0 -2.2949951345764976 0.0 0.10912301508601173 0.0 0.9940282529076012
145.583337672 -0.18062875644091905 0.0 -2.4034612455605275 0.0 0.12350530083328021 0.0 0.9923439124950991
145.750004344 -0.15577685867354857 0.0 -2.437583382225967 0.0 0.1304214118216009 0.0 0.9914586503422421
146.83337687 -0.1769094050946376 0.0 -2.6366591170210287 0.0 0.1545437025673512 0.0 0.9879859533398104
146.250004359 -0.2527333759085642 0.0 -2.671120924916145 0.0 0.16850893251919905 0.0 0.9857001266415867
146.333337694 -0.34283045027703063 0.0 -2.7212104398809 0.0 0.17235830510406608 0.0 0.9850343215653217
146.583337702 -0.3453421028091582 0.0 -2.7817388016849605 0.0 0.17550330780171539 0.0 0.984478841291501
146.666671038 -0.3707955960929105 0.0 -2.8101804485277606 0.0 0.177342982815365 0.0 0.9841491078318108
146.916671045 -0.3807210204387588 0.0 -2.8822876691538206 0.0 0.18090944744316914 0.0 0.983499756901753
147.166671053 -0.26321524112799244 0.0 -2.94305613880722 0.0 0.17571323351865703 0.0 0.9844413946835118
147.416671060 -0.16339609437863423 0.0 -3.009308694262907 0.0 0.18572924587095024 0.0 0.9826009603232678
147.500004396 -0.08090390808493172 0.0 -3.0588504481463046 0.0 0.19964665495124728 0.0 0.9798679570058292
147.666671067 0.20228377568814063 0.0 -2.938008716824954 0.0 0.19910589867831813 0.0 0.9799779799115382
147.916671075 0.24799593206176193 0.0 -3.0209139127317606 0.0 0.2229455716491224 0.0 0.9748308940949942
148.83337747 0.3098426950850218 0.0 -3.0451372286657294 0.0 0.22998737057462165 0.0 0.9731936135097536
148.416671090 0.6568315584580136 0.0 -2.9114805813408258 0.0 0.23109238075793656 0.0 0.9729318123875017
148.583337761 0.6757953614535687 0.0 -2.875044259597656 0.0 0.2291462334847822 0.0 0.973392009254102
148.750004433 0.6311297316419818 0.0 -3.0709975682332806 0.0 0.2334251170502632 0.0 0.9723747810027114
149.4441 0.6849320949708829 0.0 -3.1130774867931366 0.0 0.23429695728430766 0.0 0.9721650764182569
149.83337776 0.8820613889984311 0.0 -3.1119233282476073 0.0 0.24273225843428467 0.0 0.9700933206219862
149.333337784 0.9692081149271006 0.0 -3.0227208818911038 0.0 0.25123623564013925 0.0 0.9679257997911681
149.500004455 1.091719055877259 0.0 -3.008435217981085 0.0 0.25550951741411104 0.0 0.9668065403744475
149.750004463 1.1016246378114618 0.0 -3.0368356408936306 0.0 0.2569807091836198 0.0 0.9664165329232959
149.916671135 1.1446866565977074 0.0 -3.1187702149706857 0.0 0.2630242665420509 0.0 0.9647892180212299
150.250004478 1.3888001271767054 0.0 -3.103345142518513 0.0 0.28855042574631434 0.0 0.9574647000289989
150.583337821 1.4429334981452213 0.0 -3.2920776049887155 0.0 0.31971533086426823 0.0 0.9475136448676353
150.750004493 1.6026923029394686 0.0 -3.203760937242721 0.0 0.3295233135844498 0.0 0.9441474385943778
151.83337836 1.5639834738905256 0.0 -3.2756781366905887 0.0 0.34003842618943947 0.0 0.9404115422061817
151.250004508 1.6749632292027632 0.0 -3.233675900611064 0.0 0.34746171942980464 0.0 0.9376941684423998
151.416671179 1.7657185610197765 0.0 -3.2099409515509207 0.0 0.3509059103037203 0.0 0.9364107229810632
151.666671187 1.8182902512231187 0.0 -3.2505749239476778 0.0 0.37047733935667687 0.0 0.9288415047914245
151.833337858 1.829910133673284 0.0 -3.375607809836591 0.0 0.3788819087401125 0.0 0.9254450276647712
152.83337866 1.8207336073313094 0.0 -3.3888827041108254 0.0 0.3811712174368496 0.0 0.9245044634817671
152.250004537 1.8291109854902092 0.0 -3.4154251511830527 0.0 0.381768868594632 0.0 0.924257827108851
152.500004545 1.9882938624591497 0.0 -3.4218699267206705 0.0 0.39317843411427 0.0 0.9194621900586509
152.583337881 2.054626279736257 0.0 -3.4228489320572777 0.0 0.3953423537564559 0.0 0.9185338444098319
152.750004552 1.9514494528240183 0.0 -3.4374748701945363 0.0 0.41404360143838526 0.0 0.9102570494689572
153.4560 2.0233548083986634 0.0 -3.5478513148860835 0.0 0.4299296389225116 0.0 0.9028623957037744
153.166671231 2.1744997096103065 0.0 -3.4720110906778827 0.0 0.432440027577902 0.0 0.9016626988782576
153.416671239 2.124890773805032 0.0 -3.6294539931259697 0.0 0.43773042859736216 0.0 0.8991062628410335
153.583337910 2.2888142087882706 0.0 -3.564315728347139 0.0 0.4439634148358135 0.0 0.8960449130971746
153.833337918 2.4679567060925356 0.0 -3.5109335257194294 0.0 0.4473704549992778 0.0 0.8943487440555496
154.4590 2.480969186804085 0.0 -3.5172174148630866 0.0 0.44767304698218086 0.0 0.8941973177133167
154.250004597 2.505978661672533 0.0 -3.6600308209646286 0.0 0.4530131843591449 0.0 0.8915038164790926
154.333337933 2.5460403743492908 0.0 -3.6967763359021 0.0 0.4549630832153583 0.0 0.8905102991606414
154.500004604 2.558115855282345 0.0 -3.7366118808574793 0.0 0.4576305575999785 0.0 0.8891424367055779
154.666671276 2.5689419928845685 0.0 -3.7782412535822325 0.0 0.4574580407593191 0.0 0.8892312078107949
154.916671284 2.586325194224829 0.0 -3.804823217609243 0.0 0.4573331918711596 0.0 0.8892954242617788
155.83337955 2.71053296296451 0.0 -3.736771525668588 0.0 0.45825438445817046 0.0 0.8888210838660744
155.166671291 2.7634017318976367 0.0 -3.75840097736795 0.0 0.4736259263362652 0.0 0.8807261106053996
155.333337963 2.9122713695023763 0.0 -3.6116145738964165 0.0 0.47435820389501 0.0 0.8803319228549537
155.500004634 2.723240422030776 0.0 -3.9034307756865396 0.0 0.4959524269257744 0.0 0.868349693514332
155.583337970 2.7406595601055397 0.0 -3.9170639911225638 0.0 0.49451231360929904 0.0 0.8691706228864262
155.750004642 2.7889949510988283 0.0 -3.953432050790051 0.0 0.4978861762210872 0.0 0.8672423856846161
156.166671321 3.015859992049378 0.0 -3.8594638156404173 0.0 0.4918400346369494 0.0 0.8706855806365029
156.333337992 3.0149258532543435 0.0 -3.867978597259506 0.0 0.5024425079102742 0.0 0.8646106211728108
156.500004664 2.9977090451385604 0.0 -4.265675892949401 0.0 0.5358893018382023 0.0 0.8442882541972049
156.666671336 3.0869194208485817 0.0 -4.108085522620135 0.0 0.5499909985611503 0.0 0.8351705822774822
156.916671343 3.204384552080657 0.0 -4.189430389059167 0.0 0.5512408315936188 0.0 0.8343461785038483
157.250004686 3.2700970386959747 0.0 -4.051195062698559 0.0 0.5523147116123368 0.0 0.8336356874178201
157.416671358 3.272058605453776 0.0 -4.113609051379961 0.0 0.552591709418203 0.0 0.8334520998127418
157.666671365 3.2684089062986517 0.0 -4.141861448513228 0.0 0.5565035347093004 0.0 0.8308452418206741
157.750004701 3.3037024547273663 0.0 -4.2485655419888175 0.0 0.5596871136434938 0.0 0.8287040091742134
157.833338037 3.386355652246599 0.0 -4.001854276454102 0.0 0.5617991987572963 0.0 0.8272736308354448
158.83338045 3.5165070777213394 0.0 -4.0026770957507996 0.0 0.5767202437916306 0.0 0.8169417117523882
158.333338052 3.4920296777365745 0.0 -4.087739299995484 0.0 0.5830122075166017 0.0 0.812463393567131
158.416671388 3.4729268400659716 0.0 -4.066897954531085 0.0 0.5848566158334602 0.0 0.8111366955796245
158.666671395 3.588643922304373 0.0 -4.1740587534173805 0.0 0.5941337605555399 0.0 0.8043662564827868
158.750004731 3.7892891352962446 0.0 -4.010793268663988 0.0 0.5968021979049603 0.0 0.8023883950904378
158.916671403 3.6708317643567923 0.0 -4.4543118457607855 0.0 0.613715023783458 0.0 0.7895276243314541
159.83338074 3.713675984161561 0.0 -4.30731322857303 0.0 0.6058103033944947 0.0 0.7956091228116167
159.333338082 3.8633355682469537 0.0 -4.548493019113018 0.0 0.6354820685952287 0.0 0.7721156263759522
159.583338089 3.9096133899365104 0.0 -4.446644723139343 0.0 0.6502819946157633 0.0 0.7596929165646765
159.666671425 3.9399015889813707 0.0 -4.469416093639117 0.0 0.6505453786282974 0.0 0.7594673859655627
159.833338097 3.9585542424950355 0.0 -4.474111123422372 0.0 0.6583468060732435 0.0 0.7527147420724262
160.83338104 4.0318298170882345 0.0 -4.37042478258114 0.0 0.6599513832038696 0.0 0.75130830676048
160.250004776 4.050463901241348 0.0 -4.361190627629765 0.0 0.6615464605796569 0.0 0.7499041808754825
160.416671447 4.09437487406289 0.0 -4.455154717992505 0.0 0.6622236082952525 0.0 0.749306274240658
160.500004783 4.080633743489819 0.0 -4.391062697952298 0.0 0.6619032832293053 0.0 0.7495892499564454
160.750004791 4.129304576960686 0.0 -4.356998617069654 0.0 0.6609521334647589 0.0 0.7504280626871463
160.833338127 4.2109568082668405 0.0 -4.424644900701026 0.0 0.6630386711520145 0.0 0.7485851458297651
161.4798 4.270267919485082 0.0 -4.3520555354652615 0.0 0.6587101703363073 0.0 0.752396777967259
161.166671470 4.307123351565357 0.0 -4.354495306911092 0.0 0.6573053122108666 0.0 0.7536243935405588
161.333338141 4.291489978727989 0.0 -4.373361130652665 0.0 0.6576377517140837 0.0 0.7533343132503957
161.500004813 4.354541069412437 0.0 -4.344262160902837 0.0 0.6579568454659372 0.0 0.7530556350659047
161.583338149 4.393524830452129 0.0 -4.385770096461956 0.0 0.6623110881539623 0.0 0.7492289519955262
161.833338156 4.521662434465611 0.0 -4.591666498127068 0.0 0.6697724030188291 0.0 0.7425664469624136
162.4828 4.5653502084952144 0.0 -4.624899556693927 0.0 0.6728078440540277 0.0 0.7398172781027563
162.166671500 4.552067776607467 0.0 -4.5070814349279065 0.0 0.6643569209106311 0.0 0.7474154678879381
162.333338171 4.579534077232779 0.0 -4.464395170771802 0.0 0.6632972989387561 0.0 0.7483559936424311
162.416671507 4.6039532267361185 0.0 -4.483671417329688 0.0 0.6643609285672006 0.0 0.7474119055737116
162.500004843 4.584538148787229 0.0 -4.486966159534908 0.0 0.6644607679529874 0.0 0.7473231482105489
162.666671515 4.641916651765802 0.0 -4.510737594298423 0.0 0.6659542425005712 0.0 0.7459925917162251
162.916671522 4.769697821095066 0.0 -4.4002952763205325 0.0 0.6620074199918471 0.0 0.749497282100301
163.166671529 4.943668321215042 0.0 -4.556141690035238 0.0 0.6616738518023824 0.0 0.7497917803237102
163.333338201 5.028490220844199 0.0 -4.471574596279364 0.0 0.6591243609217745 0.0 0.752033959897731
163.416671537 5.156484440289633 0.0 -4.4598220680763045 0.0 0.6612411939948516 0.0 0.7501733688716649
163.583338208 5.2253911590107585 0.0 -4.502224057706119 0.0 0.6687164071843799 0.0 0.7435175631835569
163.666671544 5.181094076882784 0.0 -4.6612067631458025 0.0 0.6855294999909857 0.0 0.7280448507077768
163.916671552 5.243540895275419 0.0 -4.257440580840989 0.0 0.6897958043491617 0.0 0.7240039698111421
164.4888 5.224039519421645 0.0 -4.638207886287843 0.0 0.7191674241952077 0.0 0.6948368268711945
164.83338223 5.226736534621532 0.0 -4.651805116919254 0.0 0.7212655141766573 0.0 0.6926586879982681
164.333338231 5.258192996906886 0.0 -4.598074933691105 0.0 0.7250149409996163 0.0 0.6887331379622468
164.500004902 5.292248395222624 0.0 -4.591679245797853 0.0 0.7303474899938162 0.0 0.6830757965699944
164.750004910 5.339793692224972 0.0 -4.581140360092245 0.0 0.7313734321623608 0.0 0.6819772010317124
165.4917 5.350214489590673 0.0 -4.621158570136915 0.0 0.7321609447008026 0.0 0.6811316693964744
165.250004925 5.3958228898854905 0.0 -4.609979329872685 0.0 0.7318611525638079 0.0 0.6814537793335469
165.416671596 5.459891943586923 0.0 -4.581261755898258 0.0 0.732560283407191 0.0 0.6807021604008436
165.583338268 5.550799341495766 0.0 -4.566254828445758 0.0 0.7318046524287389 0.0 0.6815144537598984
165.666671604 5.563773614072393 0.0 -4.488056994806307 0.0 0.7271011331221613 0.0 0.686530365105921
165.833338276 5.622625165281159 0.0 -4.5031675483219775 0.0 0.7288716021734423 0.0 0.6846504126524129
166.4947 5.724675173622332 0.0 -4.5212720725195235 0.0 0.7318567369669783 0.0 0.681458521522805
166.250004955 5.757383760434164 0.0 -4.47854498509005 0.0 0.7276893922990479 0.0 0.6859068073254867
166.416671626 5.846710881393067 0.0 -4.409068662486043 0.0 0.7247408226508866 0.0 0.6890215816527927
166.666671634 5.850704956132293 0.0 -4.428026363267155 0.0 0.7251746422924896 0.0 0.6885649847152843
166.916671641 5.888714974873208 0.0 -4.400279875892258 0.0 0.7248533555661705 0.0 0.6889031956120271
167.83338313 6.012322112614187 0.0 -4.534338711448526 0.0 0.7334952016850911 0.0 0.6796946293041807
167.250004984 6.048380977054863 0.0 -4.457421272328979 0.0 0.731695191682646 0.0 0.6816319728918944
167.416671656 6.15025072683333 0.0 -4.513225503241859 0.0 0.7353253274529837 0.0 0.6777142929038477
167.583338328 6.179756233950631 0.0 -4.494719282554598 0.0 0.7340620036557378 0.0 0.6790824506559742
167.750004999 6.2930749906374155 0.0 -4.471557474661411 0.0 0.7352517135872351 0.0 0.6777941558224255
167.833338335 6.260467872644392 0.0 -4.506722086150831 0.0 0.7355100083921654 0.0 0.6775138578324114
168.5007 6.314294579557899 0.0 -4.487110688788594 0.0 0.7354174397232288 0.0 0.6776143367365621
168.166671678 6.371982579776669 0.0 -4.5253663099772705 0.0 0.7355533046875352 0.0 0.6774668522985062
168.333338350 6.400085522203605 0.0 -4.505537604284786 0.0 0.7346969160337106 0.0 0.6783954905293482
168.416671686 6.3720407908845536 0.0 -4.506963467491466 0.0 0.7360637603059734 0.0 0.676912210529719
168.666671693 6.4160510004090465 0.0 -4.5234847783840975 0.0 0.7386678857957978 0.0 0.6740695472234051
169.5037 6.5498219863637175 0.0 -4.554057317162289 0.0 0.7381451032075027 0.0 0.6746419840261835
169.166671708 6.587922440012163 0.0 -4.482154256730181 0.0 0.7363340058924541 0.0 0.6766182319198702
169.333338380 6.6370724656832785 0.0 -4.461745938265962 0.0 0.7353451089449384 0.0 0.677692829201222
169.500005051 6.663534239940738 0.0 -4.4943484014146415 0.0 0.7375514307622492 0.0 0.6752909646815654
169.666671723 6.711392360252158 0.0 -4.469449300266627 0.0 0.7360637899296913 0.0 0.6769121783173495
169.833338395 6.713073913683508 0.0 -4.439731860757731 0.0 0.7327075371359462 0.0 0.6805436540180035
169.916671731 6.8007334928335315 0.0 -4.391574705155567 0.0 0.7314558024663806 0.0 0.6818888538744884
170.83338402 6.804366883042368 0.0 -4.4751756473267195 0.0 0.7319899848273425 0.0 0.6813153910726418
170.250005074 6.905678636376687 0.0 -4.468058206326487 0.0 0.7337144108486225 0.0 0.6794579923093543
170.416671745 6.921338393591124 0.0 -4.510928955129004 0.0 0.734029038400335 0.0 0.6791180830938605
170.583338417 6.976838579711392 0.0 -4.515287345485198 0.0 0.7340540745471269 0.0 0.6790910216169559
170.750005089 7.0595951865767415 0.0 -4.507995953434237 0.0 0.7353971349587559 0.0 0.6776363729128281
170.916671760 7.18503236327697 0.0 -4.414185985263062 0.0 0.7327588611162514 0.0 0.6804883918595629
171.83338432 7.196855019008602 0.0 -4.423233604608122 0.0 0.733272497349743 0.0 0.6799348826398534
171.250005104 7.240688649468181 0.0 -4.448330769146663 0.0 0.7340779881636633 0.0 0.6790651716099042
171.416671775 7.27812986465593 0.0 -4.401506797142246 0.0 0.7319430064758563 0.0 0.6813658600715806
171.666671783 7.2959221113023665 0.0 -4.468958189580722 0.0 0.7379283756935882 0.0 0.6748790353435365
171.833338454 7.3659447343978 0.0 -4.4672917291236285 0.0 0.7396903400084343 0.0 0.6729473983144647
171.916671790 7.367933150382758 0.0 -4.464515132612549 0.0 0.7383010447169402 0.0 0.6744713243495786
172.83338462 7.404614774818533 0.0 -4.517003264501897 0.0 0.7365732237008946 0.0 0.67635780924513
172.333338469 7.513795349913488 0.0 -4.448346078594055 0.0 0.7384618160987841 0.0 0.6742952959676387
172.416671805 7.515343540647263 0.0 -4.468973078566277 0.0 0.7383703072225827 0.0 0.6743954992525002
172.583338477 7.5709058607531245 0.0 -4.4533153626777375 0.0 0.7397611413044317 0.0 0.6728695667185167
172.750005148 7.577959741410866 0.0 -4.427268634144491 0.0 0.7366999219164002 0.0 0.676219805276635
172.833338484 7.630585777986443 0.0 -4.4070441202450015 0.0 0.7362332100592095 0.0 0.6767279072167128
173.5156 7.723123546541805 0.0 -4.483351444965515 0.0 0.7373264968862969 0.0 0.675536554887581
173.166671827 7.759731991885417 0.0 -4.484241776857441 0.0 0.735590768463075 0.0 0.6774261740971503
173.333338499 7.856210528462895 0.0 -4.449415790244016 0.0 0.7348526938021394 0.0 0.678226745573882
173.500005171 7.9021452110794 0.0 -4.466003029381157 0.0 0.7346577065959672 0.0 0.6784379515763794
173.666671842 7.920167276820999 0.0 -4.466551791634468 0.0 0.7395557413737854 0.0 0.6730953167279287
173.833338514 7.959036155455936 0.0 -4.5138632165371675 0.0 0.7403208429882284 0.0 0.6722537091286286
174.5186 8.076695320901688 0.0 -4.466188779441386 0.0 0.739055797941656 0.0 0.6736442143511825
174.83338521 8.114347028552109 0.0 -4.390046435655083 0.0 0.7342359552977212 0.0 0.6788943672973304
174.250005193 8.166954819008753 0.0 -4.428820291338694 0.0 0.7370607467748712 0.0 0.6758264981218695
174.333338529 8.20656154627347 0.0 -4.461301159684669 0.0 0.7373023786025993 0.0 0.6755628782777731
174.500005201 8.221237283790236 0.0 -4.492520001841221 0.0 0.740361918581451 0.0 0.6722084717663063
174.666671872 8.245866149934088 0.0 -4.469661429732068 0.0 0.7396271858763498 0.0 0.6730168095319994
174.833338544 8.282126025649108 0.0 -4.438407073352254 0.0 0.7400723435997143 0.0 0.6725272680262312
175.5215 8.315196994662783 0.0 -4.448495672096749 0.0 0.7407458707842357 0.0 0.6717853488400176
175.166671887 8.32257723726949 0.0 -4.488348560334455 0.0 0.7411635208154811 0.0 0.6713245380681389
175.333338559 8.344329784482044 0.0 -4.528730363217583 0.0 0.7421953427922134 0.0 0.6701836115107179
175.416671894 8.332609383518546 0.0 -4.508040445943537 0.0 0.7419491567456127 0.0 0.6704561497998764
175.583338566 8.390085876646227 0.0 -4.539376106997337 0.0 0.74162298413321 0.0 0.6708169268923919
175.833338574 8.512095288931237 0.0 -4.505844880749257 0.0 0.7398893153930037 0.0 0.672728623567685
176.5245 8.55174733046935 0.0 -4.467749387884294 0.0 0.7374903933894995 0.0 0.6753576235286023
176.5245 8.566780660116226 0.0 -4.4439031305838865 0.0 0.7375491139382414 0.0 0.6752934951033626
176.166671917 8.69183285515109 0.0 -4.456521900532255 0.0 0.7412225234960308 0.0 0.6712593914889953
176.333338588 8.671067750117869 0.0 -4.422012764864844 0.0 0.738370995620489 0.0 0.6743947455507107
176.500005260 8.739019451164646 0.0 -4.436782895237614 0.0 0.7399608509825418 0.0 0.6726499379418633
176.583338596 8.767019306019098 0.0 -4.436644987245424 0.0 0.7393949437900378 0.0 0.6732719488421649
176.833338603 8.842425945172668 0.0 -4.397340086390614 0.0 0.7395429271504931 0.0 0.6731093959392341
176.916671939 8.836044400761113 0.0 -4.382779689543327 0.0 0.7377945661570646 0.0 0.6750253166727221
177.83338611 8.867225463426717 0.0 -4.422108503773221 0.0 0.7384651855491297 0.0 0.6742916058589856
177.250005282 9.028688782612965 0.0 -4.453651840626014 0.0 0.7448288138824228 0.0 0.6672556017078485
177.333338618 9.059720565014963 0.0 -4.403211284639496 0.0 0.7420641958687103 0.0 0.6703288217059776
177.500005290 9.023097757278608 0.0 -4.3758219065231465 0.0 0.7418324475434337 0.0 0.6705852815054314
177.666671962 9.13249406564196 0.0 -4.3730774963588175 0.0 0.742570227984238 0.0 0.6697682110338149
177.833338633 9.05199810251411 0.0 -4.411936084436521 0.0 0.7416263454479943 0.0 0.6708132107654501
178.5305 9.246447834163494 0.0 -4.317736107588699 0.0 0.7413438031903626 0.0 0.6711254468959204
178.83338641 9.215006880825591 0.0 -4.41427725408712 0.0 0.7419402914477972 0.0 0.6704659603039946
178.416671984 9.334179165954602 0.0 -4.41560688701565 0.0 0.7419150586643097 0.0 0.6704938819460874
178.416671984 9.366011882219277 0.0 -4.353827690353675 0.0 0.7428060101471036 0.0 0.6695067074267002
178.583338656 9.3421574548507 0.0 -4.393150035045475 0.0 0.7432851097537007 0.0 0.6689747720343637
178.750005327 9.365772830348911 0.0 -4.438719466855223 0.0 0.74423716407052 0.0 0.6679154464573117
178.916671999 9.419093554802304 0.0 -4.4240630324607775 0.0 0.7424235451303476 0.0 0.6699308021251796
179.5335 9.482210791555131 0.0 -4.4027589507006155 0.0 0.7465160922535881 0.0 0.6653673601901675
179.83338670 9.515798784693676 0.0 -4.483699679571287 0.0 0.7483470388233338 0.0 0.663307401952027
179.250005342 9.724668419813765 0.0 -4.372319201403929 0.0 0.7310266013365971 0.0 0.6823489636089908
179.416672014 9.762953330796828 0.0 -4.310748832103803 0.0 0.7204433299513044 0.0 0.693513812644475
179.583338685 9.79126623067042 0.0 -4.3681404931564 0.0 0.7210672078411583 0.0 0.6928651252416707
179.750005357 9.841935018991313 0.0 -4.3581448114799946 0.0 0.7211248253072747 0.0 0.69280515754832
179.833338693 9.834191386296805 0.0 -4.346423737123093 0.0 0.7185307642916625 0.0 0.6954951766665528
180.5364 9.798287906989547 0.0 -4.257740891101577 0.0 0.715694683316978 0.0 0.6984132875825105
180.166672036 9.829020123244403 0.0 -4.291217517097315 0.0 0.7168266894438361 0.0 0.697251387450029
180.416672044 9.851430297996684 0.0 -4.327485340173982 0.0 0.7170758794436664 0.0 0.6969951098250924
180.583338715 9.853633064994053 0.0 -4.340325258611414 0.0 0.716932749524714 0.0 0.6971423331421882
180.750005387 9.952280544458517 0.0 -4.422184505436286 0.0 0.7201243577203809 0.0 0.6938450182986177
180.833338723 10.02852441136092 0.0 -4.35215178746426 0.0 0.7183542800619422 0.0 0.6956774599745836
181.5394 10.100208340500846 0.0 -4.3611776109499285 0.0 0.7197478857492091 0.0 0.6942355370906499
181.83338730 10.09756790449986 0.0 -4.320551634941282 0.0 0.718914516567643 0.0 0.6950984950841944
181.166672066 10.159844114683231 0.0 -4.401252366122101 0.0 0.7219245384188914 0.0 0.6919717919313406
181.250005402 10.292001851660824 0.0 -4.508457489486848 0.0 0.7131076338349079 0.0 0.7010545646141809
181.583338745 10.403675734710825 0.0 -4.496603211987114 0.0 0.6954965871542346 0.0 0.7185293990205358
181.750005417 10.409784787088217 0.0 -4.496216147389022 0.0 0.6943930256525158 0.0 0.7195959462956585
181.916672088 10.416491006398088 0.0 -4.522190025990235 0.0 0.6948670506351794 0.0 0.7191382217220603
182.83338760 10.486504142258775 0.0 -4.587898186187861 0.0 0.6956468640262944 0.0 0.7183839089027415
182.250005431 10.589863382896459 0.0 -4.530687724940252 0.0 0.6960193734499353 0.0 0.7180230022654981
182.416672103 10.647707559760665 0.0 -4.514169111533888 0.0 0.6951128442878487 0.0 0.7189006424437642
182.500005439 10.672158197382883 0.0 -4.5417160916554105 0.0 0.6961191678264186 0.0 0.717926252608619
182.666672111 10.695283888382887 0.0 -4.552059881808746 0.0 0.6964375223784902 0.0 0.7176174311033072
182.833338782 10.814715265379558 0.0 -4.457953396983208 0.0 0.6941767973760616 0.0 0.7198045387358392
183.5454 10.80987317777166 0.0 -4.490176969140808 0.0 0.6949321946510952 0.0 0.719075270634036
183.166672125 10.898302437684286 0.0 -4.485111734252135 0.0 0.6919316629871808 0.0 0.721963000267877
183.333338797 10.878595993475818 0.0 -4.622657490926088 0.0 0.6961477784858036 0.0 0.717898509894874
183.500005469 10.939302202889637 0.0 -4.62258833477145 0.0 0.6972339439303048 0.0 0.7168436561980532
183.666672140 11.020600549805629 0.0 -4.626496918049915 0.0 0.6970963219341566 0.0 0.7169774877538839
183.750005476 11.129645616933466 0.0 -4.534514891169574 0.0 0.6949199717788375 0.0 0.7190870829203511
183.916672148 11.151243689252157 0.0 -4.550820609849793 0.0 0.6943278803588192 0.0 0.7196588042652082
184.83338819 11.201621301679744 0.0 -4.597042154417985 0.0 0.6952042119551615 0.0 0.7188122868174994
184.250005491 11.2150268037973 0.0 -4.755659956816133 0.0 0.7007821918243742 0.0 0.7133753006810833
184.416672163 11.24217070000204 0.0 -4.714158856930256 0.0 0.7007235086393185 0.0 0.7134329431980296
184.583338834 11.319534416865976 0.0 -4.536081813772697 0.0 0.6943611862835717 0.0 0.7196266691715025
184.750005506 11.334393879429424 0.0 -4.604331252829356 0.0 0.6986783643063824 0.0 0.715435911350666
184.916672178 11.389342310813088 0.0 -4.700671189476941 0.0 0.6999340452530104 0.0 0.7142074854660632
185.83338849 11.464153336714608 0.0 -4.652214299443764 0.0 0.6991185603935341 0.0 0.715005761174882
185.166672185 11.520841633538488 0.0 -4.696991552937051 0.0 0.7010789140297331 0.0 0.713083695159895
185.333338857 11.556839476151017 0.0 -4.7199809275949836 0.0 0.7010101688283977 0.0 0.71315127651795
185.500005528 11.63329365469604 0.0 -4.671842254191817 0.0 0.7001442644468889 0.0 0.7140014068348357
185.666672200 11.660803699247815 0.0 -4.651699704735131 0.0 0.7001866240320517 0.0 0.7139598668879075
185.833338872 11.693024955081032 0.0 -4.653907838725415 0.0 0.7015358906644268 0.0 0.7126341235933552
185.916672207 11.748694038560888 0.0 -4.6712324441371385 0.0 0.7011231049027077 0.0 0.7130402455483048
186.83338879 11.78501232711886 0.0 -4.6350805867231735 0.0 0.7010835834744441 0.0 0.7130791042953315
186.333338886 11.850796091154743 0.0 -4.657721796721255 0.0 0.7010486920863307 0.0 0.7131134070567213
186.500005558 11.8988719858754 0.0 -4.662313457951361 0.0 0.701141568222764 0.0 0.7130220903381067
186.666672230 11.979196174802745 0.0 -4.709254720991571 0.0 0.7015689147506476 0.0 0.7126016123021323
186.750005566 12.045822993781552 0.0 -4.742693722539656 0.0 0.7032767940720679 0.0 0.7109161349411858
187.5573 12.105963734329478 0.0 -4.745138102766296 0.0 0.7032022661769978 0.0 0.7109898542479597
187.166672245 12.158620633397376 0.0 -4.791168545740291 0.0 0.7035969693603754 0.0 0.7105992574629492
187.333338916 12.202700649015481 0.0 -4.76950756852672 0.0 0.7044951384787042 0.0 0.7097088134297556
187.500005588 12.1758715800419 0.0 -4.7024200466684904 0.0 0.7036075884867445 0.0 0.7105887428209569
187.666672260 12.203165731812582 0.0 -4.767635749122648 0.0 0.7032465389277249 0.0 0.7109460636969417
187.916672267 12.269065437111168 0.0 -4.753128986828421 0.0 0.70245593753102 0.0 0.7117272341476162
188.83338939 12.288485065988082 0.0 -4.741525780869386 0.0 0.7031403376368753 0.0 0.7110510991397881
188.166672274 12.390786757043903 0.0 -4.660831992565809 0.0 0.7045644302683755 0.0 0.7096400239562306
188.250005610 12.353127158288352 0.0 -4.684819533344284 0.0 0.7046864114220857 0.0 0.709518894432744
188.416672282 12.499315395524135 0.0 -4.755944058242207 0.0 0.7063855012004815 0.0 0.7078273261846738
188.666672289 12.559814343303934 0.0 -4.805858006969254 0.0 0.706298780720892 0.0 0.707913859415241
188.833338961 12.57615147345429 0.0 -4.826516184993913 0.0 0.7065639474765111 0.0 0.7076491984920283
189.5633 12.601207889303572 0.0 -4.8491419848700685 0.0 0.7060282223022727 0.0 0.7081836974349893
189.166672304 12.702904383032816 0.0 -4.904404361496729 0.0 0.706495547092889 0.0 0.7077174873760853
189.416672312 12.73443157402971 0.0 -4.8729898295985565 0.0 0.7057795022467627 0.0 0.7084315734129247
189.500005648 12.788911368007172 0.0 -4.940024120461697 0.0 0.7085564958131957 0.0 0.7056540882336931
189.666672319 12.857478776597702 0.0 -4.887191818808055 0.0 0.7074813046491502 0.0 0.706732059250135
189.833338991 12.871908805665631 0.0 -4.956873022703254 0.0 0.7083938022663753 0.0 0.7058174132951013
190.5662 12.910040089964504 0.0 -4.965794800488258 0.0 0.7079112221091204 0.0 0.7063014240478152
190.166672334 12.996228277367933 0.0 -4.995966903475276 0.0 0.7083079838112613 0.0 0.705903534535156
190.250005670 13.009548397045766 0.0 -4.954869712971269 0.0 0.7071232965149691 0.0 0.7070902654723814
190.500005677 13.01857264885363 0.0 -4.970856052128626 0.0 0.7075286283744716 0.0 0.7066846821819042
190.666672349 13.045677828788289 0.0 -4.986200879441711 0.0 0.7073525855457882 0.0 0.7068608913511119
190.833339021 13.05912327768225 0.0 -4.983904356573438 0.0 0.7066724880681113 0.0 0.7075408077331125
191.5692 13.116243892896454 0.0 -4.94250853101123 0.0 0.7074151418753185 0.0 0.7067982859667411
191.166672364 13.221942137080577 0.0 -4.960612356819682 0.0 0.707835182087099 0.0 0.7063776291755873
191.333339036 13.259072712913696 0.0 -4.963939318119251 0.0 0.7076606449692375 0.0 0.7065524832322951
191.500005707 13.305842334724849 0.0 -4.94996858337086 0.0 0.7072583773408913 0.0 0.7069551525246348
191.666672379 13.358448469172766 0.0 -4.9870178725267795 0.0 0.70783691295253 0.0 0.7063758947344059
191.750005715 13.373883688106545 0.0 -4.94442139029837 0.0 0.7060233379906032 0.0 0.7081885668468578
191.916672386 13.383170223132048 0.0 -4.927836251381094 0.0 0.7055420118400852 0.0 0.7086680954640507
192.83339058 13.4513444693847 0.0 -4.966203666306724 0.0 0.7071394541176075 0.0 0.707074106745716
192.333339065 13.519778109298477 0.0 -4.961010021460977 0.0 0.7066523515979025 0.0 0.7075609189187557
192.500005737 13.626042606991563 0.0 -4.849403613290367 0.0 0.7060257079816278 0.0 0.7081862040939808
192.833339080 13.803248167139529 0.0 -4.745062667988767 0.0 0.6963899694153393 0.0 0.717663577519232
192.833339080 13.821254966562709 0.0 -4.804784879789965 0.0 0.6917467195467408 0.0 0.7221402052207887
193.5752 13.886275030939933 0.0 -4.367267486803787 0.0 0.6728304352357283 0.0 0.7397967325019085
193.166672423 13.876805937035321 0.0 -4.42149591343802 0.0 0.6720831795028336 0.0 0.7404756578236464
193.333339095 14.049818029756695 0.0 -4.383495423641594 0.0 0.671300747833179 0.0 0.7411850686290264
193.500005767 14.109244786713683 0.0 -4.2423935195515305 0.0 0.6673469977876866 0.0 0.7447469265084358
193.666672438 14.091709617020653 0.0 -4.359528631901006 0.0 0.6713132663786763 0.0 0.7411737302306338
193.916672446 14.195451374898122 0.0 -4.411964978170714 0.0 0.670581491319709 0.0 0.7418358736940639
194.83339117 14.2011616318106 0.0 -4.392496465499418 0.0 0.6698143558715487 0.0 0.7425286046129013
194.250005789 14.186698204351433 0.0 -4.4177229708407175 0.0 0.6708740776137647 0.0 0.7415712858423527
194.333339125 14.276147057151334 0.0 -4.324474601669205 0.0 0.6666337009525549 0.0 0.7453854766188429
194.500005797 14.413242379110041 0.0 -4.209865250142505 0.0 0.6628006357194017 0.0 0.7487959116407867
194.666672468 14.476019550085315 0.0 -4.298835799126191 0.0 0.6652967278284553 0.0 0.7465790406519259
195.5811 14.491921151905467 0.0 -4.251428079515747 0.0 0.6640727834291035 0.0 0.7476679331820532
195.5811 14.503217011985708 0.0 -4.298233373003825 0.0 0.6657219304470717 0.0 0.7461999137776847
195.166672483 14.49748210152177 0.0 -4.30019916414383 0.0 0.6649393928213759 0.0 0.7468973181598256
195.333339155 14.520051693845495 0.0 -4.32321589212057 0.0 0.6648914178045119 0.0 0.7469400260595932
195.500005826 14.538430186314452 0.0 -4.294870667252286 0.0 0.6638992325720553 0.0 0.7478220436642904
195.750005834 14.722690684664306 0.0 -4.395564661143925 0.0 0.6655535984031009 0.0 0.746350057046078
195.916672505 14.757535297231653 0.0 -4.44835354744838 0.0 0.66635600017187 0.0 0.7456337445656189
196.5841 14.811487623128274 0.0 -4.4895798365389625 0.0 0.6668003458994758 0.0 0.7452364045779966
196.166672513 14.81780617886134 0.0 -4.519915147952124 0.0 0.6695166545554814 0.0 0.7427970444696426
196.333339185 14.818145920166318 0.0 -4.692124273108814 0.0 0.6713055393554241 0.0 0.7411807288581665
196.500005856 14.827923136335087 0.0 -4.70032219028814 0.0 0.6715163282569045 0.0 0.7409897576109707
196.666672528 14.898349918932508 0.0 -4.682509449096296 0.0 0.6695170188324912 0.0 0.7427967161300956
196.750005864 14.966915604140134 0.0 -4.691675514282529 0.0 0.6681216888954932 0.0 0.7440520202428282
196.916672535 15.053255148089924 0.0 -4.553333632630159 0.0 0.6663784935284667 0.0 0.7456136421517054
197.83339207 15.11138258440639 0.0 -4.50181901608327 0.0 0.6646964021253792 0.0 0.7471135743657562
197.250005879 15.140067758220734 0.0 -4.42705144756498 0.0 0.663952166050715 0.0 0.7477750471876977
197.416672550 15.169061986885968 0.0 -4.4618607476847965 0.0 0.6643258921429641 0.0 0.7474430473477259
197.583339222 15.131859697803133 0.0 -4.668049936606332 0.0 0.6667422355819075 0.0 0.7452883947112287
197.666672558 15.123012239660945 0.0 -4.7735719514888855 0.0 0.6710662147005735 0.0 0.741397420745071
197.750005893 15.25186193149291 0.0 -4.706126153291442 0.0 0.666471564452536 0.0 0.7455304512735809
197.916672565 15.293519531381632 0.0 -4.580442222756778 0.0 0.6642739247164278 0.0 0.7474892326594635
198.250005908 15.318840127451745 0.0 -4.835020571535794 0.0 0.669868841039031 0.0 0.7424794514362167
198.333339244 15.342227530165601 0.0 -4.7916577691556 0.0 0.6692043328639116 0.0 0.7430784352113625
198.416672580 15.358356977734285 0.0 -4.737852775684582 0.0 0.6672393835521557 0.0 0.7448433426143644
198.500005916 15.37022355558875 0.0 -4.761305133348335 0.0 0.6684114590178055 0.0 0.743791719134926
198.666672587 15.419531287697216 0.0 -4.749667215671851 0.0 0.6720961994984033 0.0 0.740463840183842
198.833339259 15.370831161481567 0.0 -4.53235074696479 0.0 0.6776032383094533 0.0 0.7354276656698073
199.83339266 15.561873611894157 0.0 -4.694465924083176 0.0 0.6896951573975748 0.0 0.7240998479922051
199.250005938 15.650665040338131 0.0 -4.725028661785595 0.0 0.6916049620078657 0.0 0.7222759697830868
199.500005946 15.665747958796185 0.0 -4.715568149601197 0.0 0.6969377111183862 0.0 0.717131666307565
199.583339281 15.683680169702113 0.0 -4.72912075526304 0.0 0.6972922520944089 0.0 0.7167869384755189
199.750005953 15.7027107409908 0.0 -4.657423942668486 0.0 0.7057044587750775 0.0 0.7085063280345313
200.166672632 15.709370568437066 0.0 -4.503966149831438 0.0 0.7075494660795133 0.0 0.706663818976602
200.333339304 15.815766961173777 0.0 -4.360480224791911 0.0 0.7076351083802669 0.0 0.7065780589486543
200.500005975 15.851714161821455 0.0 -4.465701687362739 0.0 0.7110486914307523 0.0 0.7031427724257818
200.750005983 15.931574941790096 0.0 -4.465019054089836 0.0 0.7166952429144607 0.0 0.6973864988539583
201.5990 15.945081994249495 0.0 -4.402019779700602 0.0 0.7271975899849572 0.0 0.6864281937100706
201.166672662 16.056533248129274 0.0 -4.46876036794671 0.0 0.7397322879578607 0.0 0.6729012870790401
201.333339334 16.155461497049654 0.0 -4.495104657297713 0.0 0.7510029323566382 0.0 0.6602988683859233
201.500006005 16.157964325193912 0.0 -4.425307055507575 0.0 0.7469642243820225 0.0 0.6648642323763276
201.750006013 16.203853856883658 0.0 -4.572872138920805 0.0 0.7634562920690656 0.0 0.6458594971819749
201.833339348 16.253066890500477 0.0 -4.487512260853388 0.0 0.7623104904634099 0.0 0.6472114925813937
202.83339356 16.283419537622937 0.0 -4.564495455111719 0.0 0.7679774615811464 0.0 0.640476868047066
202.416672699 16.34728929653372 0.0 -4.561972166761115 0.0 0.7743763858348708 0.0 0.6327252271415479
202.583339371 16.38772209157302 0.0 -4.493460626481973 0.0 0.776685898410543 0.0 0.629888097371436
202.750006042 16.482029178084534 0.0 -4.4420118027258475 0.0 0.7898046061104111 0.0 0.6133585282416624
202.916672714 16.50476147963571 0.0 -4.353722575432252 0.0 0.7857983197767597 0.0 0.6184828216175621
203.83339386 16.529672901266142 0.0 -4.288285969605324 0.0 0.7872039140685778 0.0 0.6166927903544124
203.250006057 16.598333610505392 0.0 -4.124942171660105 0.0 0.7910660226683698 0.0 0.6117307804742593
203.666672736 16.697037600507894 0.0 -4.1405985343976095 0.0 0.799749337932232 0.0 0.6003340707280875
203.833339408 16.763444721880347 0.0 -4.229903715798638 0.0 0.8063819121920147 0.0 0.591395140062505
204.83339415 16.795208366810996 0.0 -5.235880900770723 0.0 0.8279635933633902 0.0 0.5607818542577698
204.250006087 16.787102068436027 0.0 -5.234461461688168 0.0 0.8282521792576629 0.0 0.5603555367397847
204.416672759 16.831968995976084 0.0 -5.1680480630807235 0.0 0.8279875694708406 0.0 0.5607464532226395
204.666672766 16.929951359045297 0.0 -5.056707416703823 0.0 0.8366039758596828 0.0 0.5478081667662241
204.833339438 16.978865615274 0.0 -5.105509872849286 0.0 0.8373708941550048 0.0 0.5466351485424695
205.83339445 16.97432573750913 0.0 -5.028055020163176 0.0 0.8371165583569087 0.0 0.5470245586120281
205.250006117 16.991646842853402 0.0 -4.879505529011976 0.0 0.8464770573114279 0.0 0.5324251979812616
205.666672796 17.067922683017482 0.0 -4.803535753626782 0.0 0.8503783446257128 0.0 0.5261717124586159
205.833339468 17.18885070009171 0.0 -4.748919632070292 0.0 0.8605282635301152 0.0 0.5094026969558018
205.833339468 17.188217345411527 0.0 -4.727536457871285 0.0 0.8636959844536809 0.0 0.5040131411368031
206.83339475 17.25066294242912 0.0 -4.718556413514984 0.0 0.8739643834353299 0.0 0.4859899757057789
206.250006147 17.281161513015356 0.0 -4.676501246194438 0.0 0.8747398245962726 0.0 0.48459285928011986
206.500006154 17.368636651846373 0.0 -4.76134510760329 0.0 0.8823378638850232 0.0 0.4706165041249768
206.666672826 17.535012803823435 0.0 -4.719759485065172 0.0 0.8971672179139651 0.0 0.44169104937786086
206.833339497 17.51717921337928 0.0 -4.602969989892804 0.0 0.8999887041547452 0.0 0.4359132165854374
207.6169 17.453378665287136 0.0 -4.53073052997627 0.0 0.9043894424489133 0.0 0.4267080224075283
207.166672841 17.5126061236329 0.0 -4.545646827322052 0.0 0.9039725159372959 0.0 0.4275905640095383
207.416672848 17.58076645402448 0.0 -4.469345670856273 0.0 0.9054468861184777 0.0 0.4244595816074278
207.666672856 17.64770855524214 0.0 -4.427321919956792 0.0 0.912085664278031 0.0 0.40999968416878446
207.750006191 17.74116209541182 0.0 -4.517294976864446 0.0 0.928726151973471 0.0 0.37076641520039183
207.916672863 17.635646918956944 0.0 -4.439164600734686 0.0 0.9299097269792427 0.0 0.3677878460055339
208.83339535 17.622209825328103 0.0 -4.388384370797924 0.0 0.9321679894650476 0.0 0.3620260203586074
208.333339542 17.550768456686487 0.0 -4.281910599418871 0.0 0.9309623740933993 0.0 0.36511512981850197
208.500006214 17.57812145111066 0.0 -4.260174334702126 0.0 0.9321917819731685 0.0 0.36196475190505584
208.583339550 17.562112359449163 0.0 -4.231040622177218 0.0 0.9315087236426512 0.0 0.36371898187699636
208.750006221 17.588758166314154 0.0 -4.208969643843282 0.0 0.9297388664439737 0.0 0.36821955437411874
209.6229 17.304872853609634 0.0 -3.9889342593031705 0.0 0.9357906372521395 0.0 0.35255621286716055
209.83339565 17.369584886203725 0.0 -3.916175461785243 0.0 0.9433043702691528 0.0 0.3319290060104978
209.250006236 17.340454838672887 0.0 -3.9055847349804322 0.0 0.9421860171292161 0.0 0.3350902999583612
209.416672908 17.448629255158078 0.0 -3.879721240102667 0.0 0.9441760166783166 0.0 0.32944142048240876
209.583339579 17.384170159534037 0.0 -3.8305150904777694 0.0 0.9434810499395083 0.0 0.3314264751118158
209.666672915 17.247884934257826 0.0 -3.77406497374654 0.0 0.9408083179662082 0.0 0.33893909312086445
209.916672923 17.168462002466853 0.0 -3.712159325211676 0.0 0.9450522920608263 0.0 0.3269192029700587
210.83339594 17.2784876115208 0.0 -3.6815870807878075 0.0 0.951662460221662 0.0 0.3071458314951606
210.166672930 17.284272489872453 0.0 -3.6669954659509543 0.0 0.9517315486057153 0.0 0.3069316852144254
210.333339602 17.268400677407936 0.0 -3.6392700392401123 0.0 0.9510871787979567 0.0 0.30892260895917556
210.416672938 17.26943528579243 0.0 -3.593763162948358 0.0 0.9518378538740989 0.0 0.30660185898384495
210.583339609 17.31715158446529 0.0 -3.5565087859710443 0.0 0.95410457601161 0.0 0.2994736349559101
210.666672945 17.389879389361585 0.0 -3.5442948990676806 0.0 0.9567718447699091 0.0 0.2908395383292738
210.833339617 17.47051062040777 0.0 -3.5435175289888763 0.0 0.9660521636828597 0.0 0.25834708638508996
211.6288 17.61828997728029 0.0 -3.4978034923624497 0.0 0.9687857262233145 0.0 0.2478996100560973
211.83339624 17.61538241462729 0.0 -3.459490742066793 0.0 0.9687242229861609 0.0 0.24813983920333862
211.250006296 17.917315958694402 0.0 -3.4528970939636134 0.0 0.9775803686864526 0.0 0.21056263381440546
211.333339632 18.056068597141945 0.0 -3.464251666569153 0.0 0.9815817807504473 0.0 0.19104242381937211
211.416672967 18.45127064025564 0.0 -3.4919687124534136 0.0 0.9881381266789472 0.0 0.15356771341470485
211.500006303 18.326780320377658 0.0 -3.51515479360574 0.0 0.989436396014725 0.0 0.14496764549854668
211.750006311 18.365537818302183 0.0 -3.435331707690343 0.0 0.9906798598590215 0.0 0.13621092199126092
211.833339646 18.542737818471966 0.0 -3.4580075600138267 0.0 0.9927094580472285 0.0 0.12053187090383138
211.916672982 18.473570263112403 0.0 -3.4554305957540814 0.0 0.9937473160055543 0.0 0.11165246048232434
212.83339654 18.467347443383133 0.0 -3.361164138296199 0.0 0.9940291454896648 0.0 0.10911488403094631
212.166672990 18.404222767875197 0.0 -3.2863899889357664 0.0 0.9940536510324697 0.0 0.10889140860975695
212.333339661 18.262411825511357 0.0 -3.2159587912443213 0.0 0.9936493398891115 0.0 0.11252106175260128
212.416672997 18.290973149163936 0.0 -3.223832076108146 0.0 0.9934674575882572 0.0 0.11411577766954237
212.583339669 18.296192444822694 0.0 -3.1351303374918364 0.0 0.9937202888255663 0.0 0.1118927503300954
212.666673005 18.266524991078747 0.0 -3.111178782335614 0.0 0.9938813923699316 0.0 0.11045260477148729
212.833339676 18.313149464146473 0.0 -3.071753771023337 0.0 0.9943178734385497 0.0 0.10645170999397
213.166673020 18.172164400140936 0.0 -2.9950491160316024 0.0 0.9957195588503012 0.0 0.0924259710414861
213.166673020 18.20520185096787 0.0 -2.9531497834509373 0.0 0.9972231579933676 0.0 0.07447129085583887
213.333339691 18.177959589163716 0.0 -2.9069349407167304 0.0 0.9974559586979055 0.0 0.0712854154651729
213.500006363 18.20589179048372 0.0 -2.8666463535153097 0.0 0.9975311573775916 0.0 0.0702252807820839
213.750006370 18.127216539302903 0.0 -2.773381093225537 0.0 0.9984577957879399 0.0 0.05551603399278814
214.6378 18.113949697343255 0.0 -2.714180665952984 0.0 0.9985972485840428 0.0 0.05294841943230732
214.166673049 18.16025513971549 0.0 -2.6908123156126234 0.0 0.9986887858137915 0.0 0.051192861707223085
214.416673057 18.19608972022586 0.0 -2.5919458622601486 0.0 0.9997767587096332 0.0 0.02112895511046307
214.583339728 18.081206939463346 0.0 -2.5130527619629683 0.0 0.9999369876258941 0.0 -0.011225897632372403
214.666673064 18.134543665568565 0.0 -2.4995646509666507 0.0 0.9997141858202467 0.0 -0.023907042262924852
214.833339736 18.1449087593224 0.0 -2.4344124490395402 0.0 0.9997149993687097 0.0 -0.023872998077762456
214.916673072 18.157780675757415 0.0 -2.433391223310863 0.0 0.9996833429556632 0.0 -0.02516374012323599
215.166673079 18.15320836401066 0.0 -2.367818381003196 0.0 0.9992666037490602 0.0 -0.03829170447784959
215.333339751 18.088383569569213 0.0 -2.326844908806985 0.0 0.9987838463196876 0.0 -0.04930343122796438
215.500006422 18.042656997891818 0.0 -2.3064852316499604 0.0 0.9979879320238133 0.0 -0.0634041602328476
215.833339766 17.987530985049972 0.0 -2.196177527039253 0.0 0.9971496709568586 0.0 -0.07544888144053946
216.250006445 18.168601599851 0.0 -2.225309477389779 0.0 0.9934830446490696 0.0 -0.11397999822256041
216.500006452 17.950775815741956 0.0 -2.076341450890629 0.0 0.9926812449601708 0.0 -0.1207640091431435
216.833339795 17.848524549324615 0.0 -1.920831636832722 0.0 0.9913219670594617 0.0 -0.13145629549534482
217.83339803 18.03120076379054 0.0 -1.9467973798952385 0.0 0.9886697579464249 0.0 -0.15010699424796167
217.416673146 18.105173407649858 0.0 -1.989614649623466 0.0 0.9855086091385046 0.0 -0.1696254147051386
217.583339818 17.702356441444 0.0 -1.7761584342710621 0.0 0.9809650429857047 0.0 -0.19418440833407447
217.833339825 17.801013414679865 0.0 -1.6593864858727603 0.0 0.9795987707186016 0.0 -0.20096330114377792
218.6497 17.684194457695185 0.0 -1.648255910571791 0.0 0.9792658415108118 0.0 -0.2025793959170618
218.250006504 17.654592919932234 0.0 -1.652001304756678 0.0 0.973190694203545 0.0 -0.22999972329466445
218.500006512 17.549851260928953 0.0 -1.604463794468782 0.0 0.9736339448572593 0.0 -0.2281160700645428
218.666673183 17.58825650295381 0.0 -1.583368227498067 0.0 0.9734348672278755 0.0 -0.22896410038486037
218.916673191 17.457022313466105 0.0 -1.5552116958679967 0.0 0.9696541847536885 0.0 -0.244480596345926
219.6527 17.471089723958638 0.0 -1.5633846014243666 0.0 0.9678287872097391 0.0 -0.25160969505987985
219.250006534 17.490906923736482 0.0 -1.5034264564696853 0.0 0.9631360440485104 0.0 -0.269014796348799
219.583339877 17.427163471304667 0.0 -1.3978474067565019 0.0 0.9632390518258852 0.0 -0.2686457314709645
219.750006549 17.405889742540708 0.0 -1.3651914478914617 0.0 0.9631162933129145 0.0 -0.2690854985969929
220.166673228 17.269314062121794 0.0 -1.3640597450693064 0.0 0.9657159993997765 0.0 -0.25960086383386854
220.333339900 17.046500894244325 0.0 -1.2929853663854396 0.0 0.9654221696662881 0.0 -0.26069145424588963
220.583339907 17.144648792910612 0.0 -1.3561993454519847 0.0 0.9600986539886969 0.0 -0.2796615358055026
220.833339915 17.039604055133076 0.0 -1.3005822140808125 0.0 0.9499827166112561 0.0 -0.31230247860031135
221.6586 16.92609744457332 0.0 -1.0854043918967313 0.0 0.9471034325692478 0.0 -0.32092847803762803
221.166673258 16.887680707399216 0.0 -1.123585025351666 0.0 0.9488937106817545 0.0 -0.3155958266970756
221.333339930 17.01215089655161 0.0 -1.1302066681522782 0.0 0.9485483191739709 0.0 -0.3166324149423663
221.416673265 16.916109343048923 0.0 -1.1516694293544343 0.0 0.9495382265055351 0.0 -0.31365132935271145
221.666673273 16.92256215714474 0.0 -1.1334337512603914 0.0 0.9495734810601829 0.0 -0.31354458066955415
221.916673280 16.91863456287057 0.0 -1.0137141410911952 0.0 0.9492151486795649 0.0 -0.3146277189270385
222.83339952 16.87331938229353 0.0 -1.0459388142903376 0.0 0.9505344705393917 0.0 -0.31061909200240484
222.250006624 16.79613094017253 0.0 -1.0540425030917524 0.0 0.9513809603937934 0.0 -0.3080166687050937
222.416673295 16.828388497543695 0.0 -0.8821494223464981 0.0 0.949283201435576 0.0 -0.31442233297306305
222.666673303 16.721002059767798 0.0 -0.9221342304849393 0.0 0.9513704920997097 0.0 -0.3080490005858746
222.916673310 16.721918085053275 0.0 -0.8830548077826513 0.0 0.951545666905185 0.0 -0.3075074694929646
223.83339982 16.718395303248585 0.0 -0.7773677051078599 0.0 0.9508328335112949 0.0 -0.30970457329022766
223.333339989 16.910485819410965 0.0 -0.7097157147931402 0.0 0.9506430034311847 0.0 -0.31028677062894056
223.500006661 16.90734852498635 0.0 -0.6625343707060422 0.0 0.9503733499373328 0.0 -0.31111170940498545
223.833340004 16.939617117228487 0.0 -0.6534669648761975 0.0 0.9505967171823925 0.0 -0.310428544567117
224.83340012 16.91511161576415 0.0 -0.615591840970911 0.0 0.9506945847456194 0.0 -0.3101286935053804
224.500006691 16.82158641703095 0.0 -0.35045911173674466 0.0 0.9480970796132432 0.0 -0.3179810177177872
224.666673362 16.74062278763315 0.0 -0.3236012726878112 0.0 0.9481593457866484 0.0 -0.3177953036113575
224.750006698 16.743822874397043 0.0 -0.31171159846566765 0.0 0.9483583018007719 0.0 -0.3172010898555618
225.83340041 16.77134617977292 0.0 -0.281805632135531 0.0 0.9480678694567227 0.0 -0.31806809790324847
225.166673377 16.666410396442547 0.0 -0.10826260534625383 0.0 0.9460001279409577 0.0 -0.3241662504575266
225.416673385 16.659962907222713 0.0 -0.05889507533382615 0.0 0.9463980634956506 0.0 -0.32300263994537637
225.666673392 16.549124474263937 0.0 0.02156433973909297 0.0 0.9434087902176551 0.0 -0.33163210722133113
226.6735 16.533175676104214 0.0 0.03439049874731213 0.0 0.9326758961770801 0.0 -0.36071550103964234
226.250006743 16.475746790954897 0.0 0.04620164855502932 0.0 0.9340841107589518 0.0 -0.3570530409164138
226.416673414 16.40165281460709 0.0 0.05988096845225649 0.0 0.9339002068571347 0.0 -0.35753377970787736
226.750006758 16.34183987049701 0.0 0.1287876524162731 0.0 0.9343200514688416 0.0 -0.35643518544507
227.6765 16.26877474068744 0.0 0.1084219159589405 0.0 0.9361939179522286 0.0 -0.35148392280338475
227.166673437 16.291941740354638 0.0 0.25566376085408665 0.0 0.923657998516253 0.0 -0.38321782549478245
227.416673444 15.847817174429894 0.0 0.16828419688482157 0.0 0.9180980085991719 0.0 -0.39635343647587407
227.583340116 15.868684979389476 0.0 0.23544235237079528 0.0 0.910759563481751 0.0 -0.41293706242783584
227.916673459 15.795205847180778 0.0 0.2487282043221011 0.0 0.9116503032145388 0.0 -0.41096681696803633
228.83340131 15.771762670990357 0.0 0.325400239543839 0.0 0.9106624432067445 0.0 -0.4131512005703517
228.250006802 15.733635086051773 0.0 0.3712366565760708 0.0 0.900037599850082 0.0 -0.4358122518425837
228.416673474 15.720953363841911 0.0 0.3428863472132679 0.0 0.8891370588802313 0.0 -0.4576410061672926
228.666673481 15.675756465319306 0.0 0.4341657627972458 0.0 0.8822835946562952 0.0 -0.4707182369532393
228.833340153 15.683187207939792 0.0 0.4391510201903564 0.0 0.8830805620562366 0.0 -0.4692213986152393
229.83340161 15.561281861157967 0.0 0.5029126245828641 0.0 0.8823929921616451 0.0 -0.47051313199954253
229.333340168 15.59845032947695 0.0 0.476199489469431 0.0 0.868133776657444 0.0 -0.496330278974075
229.416673504 15.629914584190823 0.0 0.4715784197827427 0.0 0.8620170009385021 0.0 -0.5068793644379207
229.833340183 15.568643704795756 0.0 0.504849812448203 0.0 0.8622869307849151 0.0 -0.5064200321842838
230.6855 15.407050866147522 0.0 0.6466303211341781 0.0 0.8452547052584869 0.0 -0.534363624546421
230.166673526 15.447364620271186 0.0 0.6804697323067448 0.0 0.8432992902702745 0.0 -0.5374442362046982
230.416673534 15.335393109439217 0.0 0.7171661981823393 0.0 0.8440461948435878 0.0 -0.5362704737071213
230.666673541 15.348198677557821 0.0 0.7421154213617588 0.0 0.8438695640760006 0.0 -0.5365483751034764
230.833340213 15.315697746925556 0.0 0.8317390235004587 0.0 0.8524819735783844 0.0 -0.5227566209278488
230.916673549 15.327673975845393 0.0 0.787616090027795 0.0 0.8593032284990301 0.0 -0.511466481297791
231.83340220 15.04895378429498 0.0 0.7492620102804305 0.0 0.8683154833419116 0.0 -0.49601231979528737
231.333340228 14.901176716310822 0.0 0.7110774882801006 0.0 0.8710778928977895 0.0 -0.49114489155924984
231.500006899 14.872049694946504 0.0 0.7646222038803293 0.0 0.8703221108470329 0.0 -0.4924829168314013
231.666673571 14.827149246463048 0.0 0.7863629022477538 0.0 0.8788983829678488 0.0 -0.47700904856878823
231.916673578 14.835553769146255 0.0 0.7495039799681418 0.0 0.8800948655025529 0.0 -0.4747978809093859
232.166673586 14.808321196206265 0.0 0.8747826048089338 0.0 0.8801914102747507 0.0 -0.4746188800274864
232.500006929 14.740298283425583 0.0 0.9195461963667315 0.0 0.9013982381989939 0.0 -0.43299101165237797
232.833340272 14.484617519744223 0.0 0.9650769383517873 0.0 0.912047853854293 0.0 -0.41008378690187003
233.6944 14.486761798903814 0.0 0.9915273943368044 0.0 0.9123956524278105 0.0 -0.4093093859549643
233.333340287 14.16506457619889 0.0 1.0886505404686364 0.0 0.9132215004699304 0.0 -0.4074634843509894
233.500006959 14.20602687646013 0.0 1.13962041418008 0.0 0.9122973813096373 0.0 -0.4095283727113156
233.833340302 14.027603071135495 0.0 1.208587235286324 0.0 0.912225083779268 0.0 -0.40968939029941615
234.83340310 14.11294358044166 0.0 1.2740460183210407 0.0 0.9046795214331999 0.0 -0.4260926700840985
234.250006981 14.046649623521681 0.0 1.2979041240426048 0.0 0.8966697719870006 0.0 -0.44270003388838863
234.500006989 13.983045114699273 0.0 1.320404078282077 0.0 0.8804385992616653 0.0 -0.47416017644901054
234.666673660 14.008550959011274 0.0 1.3520486145900823 0.0 0.8803677341223048 0.0 -0.47429173798028457
234.916673668 13.812781267469703 0.0 1.3859660177113686 0.0 0.8819593820733398 0.0 -0.4713254166420614
235.83340339 13.956430297072954 0.0 1.5275346052214496 0.0 0.8774385196939396 0.0 -0.47968911198536507
235.250007011 13.970845126726907 0.0 1.5120278223343409 0.0 0.8780262114485167 0.0 -0.4786125489468122
235.416673683 13.894177252354426 0.0 1.5432800774886553 0.0 0.8777197322894198 0.0 -0.4791743644538899
235.750007026 13.908359425729277 0.0 1.6174385184332556 0.0 0.876430909794641 0.0 -0.4815276319761284
235.833340362 13.810769479381797 0.0 1.6781950085146018 0.0 0.8761406954047949 0.0 -0.48205547591081516
236.83340369 13.576578622356939 0.0 1.7108280632026573 0.0 0.878783537615178 0.0 -0.4772205926157767
236.250007041 13.359735189681459 0.0 1.6777871633930401 0.0 0.8807985191906892 0.0 -0.47349125503169465
236.416673712 13.355596508248961 0.0 1.65432299126862 0.0 0.8814493770806521 0.0 -0.4722785149084495
236.583340384 13.289651527017009 0.0 1.7324356579377773 0.0 0.8743788351633999 0.0 -0.48524391043916854
236.833340392 13.293202291656524 0.0 1.7289516357849906 0.0 0.864988880413232 0.0 -0.5017910289766682
237.7063 13.22097032807071 0.0 1.7896108852078703 0.0 0.8646719434544049 0.0 -0.5023369687797051
237.166673735 13.166241871749634 0.0 1.6947217468981803 0.0 0.8565916244719892 0.0 -0.5159949504447099
237.333340406 13.053929594725977 0.0 1.7569335964701478 0.0 0.8505029479738826 0.0 -0.5259702800422615
237.500007078 13.075396153016852 0.0 1.607971914764794 0.0 0.8500183645969328 0.0 -0.5267530539521872
237.750007086 13.094679951723993 0.0 1.6361389524366774 0.0 0.8495296496096777 0.0 -0.5275408746571758
237.833340421 13.089212241224761 0.0 1.645887692748757 0.0 0.8488041094914612 0.0 -0.5287074651547937
238.7093 13.114875785341031 0.0 1.7022038175049525 0.0 0.8470557396752116 0.0 -0.5315040676074645
238.166673765 13.096619149725242 0.0 1.710704543313881 0.0 0.8472497418825573 0.0 -0.5311947617211035
238.333340436 13.059837252032505 0.0 1.7153711736957518 0.0 0.8475399448846508 0.0 -0.530731609973368
238.500007108 13.000466301476264 0.0 1.6729990590730164 0.0 0.8490309315755772 0.0 -0.5283431434474262
238.666673779 12.992341030945862 0.0 1.6665914995484246 0.0 0.8493974990516381 0.0 -0.5277536249092206
238.833340451 12.72371782997362 0.0 1.7686840216063786 0.0 0.8502867265713028 0.0 -0.5263197532077424
239.83340459 12.742051264978365 0.0 1.8403311306512837 0.0 0.8468215699807312 0.0 -0.5318770803629063
239.333340466 12.664972822348512 0.0 1.8434525432428324 0.0 0.8478858974588315 0.0 -0.5301787480561928
239.500007138 12.534475125673062 0.0 1.8764052057406913 0.0 0.8503853376360339 0.0 -0.526160410458302
239.666673809 12.578523873683569 0.0 1.948445976971607 0.0 0.8463775372428736 0.0 -0.5325833873213549
239.916673817 12.50609961376966 0.0 1.9523571878488408 0.0 0.8477444152203106 0.0 -0.5304049457374747
240.250007160 12.422446936334119 0.0 1.932911721022618 0.0 0.8527903672248074 0.0 -0.5222533767900195
240.416673832 12.347406372350665 0.0 1.9211423421182618 0.0 0.8525443016383026 0.0 -0.5226549662483452
240.750007175 12.344502732822626 0.0 1.9028250265838675 0.0 0.8534286011314325 0.0 -0.5212097684913881
240.916673847 12.340255873435904 0.0 1.938009959131094 0.0 0.8531831418099001 0.0 -0.521611470858711
241.83340518 12.32676068206454 0.0 1.9110626396343957 0.0 0.8533569313197081 0.0 -0.5213271024688922
241.250007190 12.294078192598635 0.0 1.979032721120288 0.0 0.8529658400181884 0.0 -0.5219667381759744
241.416673861 12.285407869057163 0.0 1.9685242213454384 0.0 0.8535817856773915 0.0 -0.5209588612930924
241.583340533 12.286355046479805 0.0 1.9891783069361981 0.0 0.8532190752913291 0.0 -0.5215526910667889
241.750007205 12.238544905358257 0.0 1.9775211339005632 0.0 0.8550956859256306 0.0 -0.518470218924265
241.833340541 12.12729013728057 0.0 2.1148420778033743 0.0 0.8514869808189961 0.0 -0.5243757445722966
242.83340548 12.229761303900636 0.0 2.0487334082846806 0.0 0.853375323953235 0.0 -0.5212969944932652
242.250007220 12.26697903421254 0.0 2.114646675537685 0.0 0.8504331240482575 0.0 -0.5260831697759596
242.416673891 12.181453788419969 0.0 2.0875913217346045 0.0 0.8518908432172193 0.0 -0.5237193821529379
242.583340563 12.100127303354551 0.0 2.1445316177544465 0.0 0.8502924445124044 0.0 -0.5263105155752823
242.750007235 11.887609061060443 0.0 2.3146133865026735 0.0 0.8498086996035666 0.0 -0.5270912388553761
242.916673906 11.902655719953236 0.0 2.4806146747209237 0.0 0.8517016286392387 0.0 -0.5240270372540605
243.250007249 11.812259881878592 0.0 2.432799801068031 0.0 0.8556211217113212 0.0 -0.5176026430394849
243.500007257 11.869244662210793 0.0 2.5777279754566957 0.0 0.856998404226323 0.0 -0.5153190615080484
243.750007264 12.053870167627338 0.0 2.3710332847957063 0.0 0.878185093908596 0.0 -0.478320960064213
243.916673936 11.941710644962573 0.0 2.284174154964664 0.0 0.8865158794052123 0.0 -0.462698168963746
244.166673943 11.846415654259797 0.0 2.3264340561899335 0.0 0.8896550620663339 0.0 -0.45663319036152794
244.416673951 11.680998802063119 0.0 2.435383997494406 0.0 0.8893100061779494 0.0 -0.45730483587184534
244.583340622 11.638526692864897 0.0 2.3986632556218352 0.0 0.8913812704812188 0.0 -0.45325426708999444
244.833340630 11.617818563765532 0.0 2.5711190989509527 0.0 0.887104356727812 0.0 -0.46156891172882814
245.7302 11.607247547061013 0.0 2.686482914924646 0.0 0.8855996081856516 0.0 -0.4644494956197287
245.83340637 11.603605431864354 0.0 2.6639788465941145 0.0 0.8859176281141855 0.0 -0.4638425985143406
245.333340645 11.592986531307078 0.0 2.660624390793855 0.0 0.8858455715695258 0.0 -0.4639801971320114
245.583340652 11.407257740091596 0.0 2.93471902316736 0.0 0.8807204172193995 0.0 -0.4736365132597854
245.750007324 11.432224888814062 0.0 2.9961911721052 0.0 0.8792440068669767 0.0 -0.4763716788270519
246.7331 11.429460233365734 0.0 2.982962801120773 0.0 0.8793841049352422 0.0 -0.4761130075803884
246.333340675 11.375286610722798 0.0 3.0435928560555596 0.0 0.8783148674849274 0.0 -0.47808262210096525
246.500007346 11.387149530585507 0.0 3.0315908071243594 0.0 0.8784904467167045 0.0 -0.4777599135836793
246.833340690 11.367703492777693 0.0 3.2040709424861515 0.0 0.8737011211046468 0.0 -0.48646310341122817
247.83340697 11.203801887238546 0.0 3.140313329700949 0.0 0.8793218554185959 0.0 -0.47622796493192
247.250007369 11.26136697226448 0.0 3.2208095377329578 0.0 0.8762070893787798 0.0 -0.4819347845117292
247.583340712 11.209154040348315 0.0 3.150907941622861 0.0 0.8806775715300693 0.0 -0.47371617557763396
247.666674048 11.172444102991129 0.0 3.1128384805060767 0.0 0.8831715044424072 0.0 -0.4690502038598162
248.83340727 11.06710819315597 0.0 3.3576482432785077 0.0 0.8552690935134992 0.0 -0.5181841156197259
248.250007398 11.064922255980681 0.0 3.41991427625561 0.0 0.8426436573158683 0.0 -0.5384716025802453
248.500007406 10.943286109669348 0.0 3.3257552809503705 0.0 0.8285606194350923 0.0 -0.5598993658875996
248.666674078 10.84778121265916 0.0 3.4889671382303296 0.0 0.8229973418847919 0.0 -0.5680452228921277
249.166674092 10.740381299834457 0.0 3.4876922530053047 0.0 0.824406367626802 0.0 -0.5659983577859413
249.333340764 10.750094515808428 0.0 3.4687232748424437 0.0 0.8248121544238496 0.0 -0.5654068534380243
249.500007436 10.733684852408139 0.0 3.4809467655109687 0.0 0.8246791867057548 0.0 -0.5656007770630578
249.666674107 10.682048988209639 0.0 3.508721988810636 0.0 0.8236448165574636 0.0 -0.5671060008129187
250.7451 10.683847673132089 0.0 3.540198344836897 0.0 0.8228585356224069 0.0 -0.5682462761456059
250.250007458 10.614721186285857 0.0 3.5055739973881717 0.0 0.8242942872080405 0.0 -0.5661615741784215
250.333340794 10.327361137582425 0.0 3.571110075033504 0.0 0.8270999014790539 0.0 -0.5620549376825537
250.750007473 10.30937580968536 0.0 3.5413775516533605 0.0 0.8272971660025262 0.0 -0.5617645406433095
250.916674145 10.118384580107492 0.0 3.8530803031212595 0.0 0.8177242318746183 0.0 -0.5756101811165831
251.166674152 10.109358507316937 0.0 3.8353712237146236 0.0 0.8182887950887449 0.0 -0.5748073136558111
251.250007488 10.106624045539979 0.0 3.872337378207024 0.0 0.8180543653007843 0.0 -0.5751409004864206
251.583340831 9.978741509957642 0.0 3.9583677365309042 0.0 0.8155737170853871 0.0 -0.5786531880146563
251.916674174 9.834367511028296 0.0 3.9570232962901066 0.0 0.8166742377908743 0.0 -0.5770989424082273
252.250007518 9.535896005775419 0.0 3.970963005825189 0.0 0.8201016531984067 0.0 -0.5722178592295426
252.583340861 9.426108077187322 0.0 3.953715520164659 0.0 0.8240413166393332 0.0 -0.5665297066097364
252.833340868 9.414515353404724 0.0 3.9800088793873676 0.0 0.8235437855327534 0.0 -0.5672527067457521
253.83340876 9.330507442790374 0.0 4.074262919936927 0.0 0.8212862276255637 0.0 -0.5705163733956906
253.333340883 9.161830199610739 0.0 4.128245475056412 0.0 0.8213382908977486 0.0 -0.5704414184692109
253.583340891 9.08700498295139 0.0 4.234675348676106 0.0 0.813918985309021 0.0 -0.5809783863049758
253.833340898 9.011380807424706 0.0 4.24419068990978 0.0 0.8157158709623151 0.0 -0.5784527792829692
254.83340906 8.995963246990616 0.0 4.264833039964396 0.0 0.8138436914958938 0.0 -0.5810838543724448
254.250007577 8.97557524276921 0.0 4.1240277746378675 0.0 0.8094490324223776 0.0 -0.5871901428928084
254.500007585 9.053063060990038 0.0 3.8164481555551153 0.0 0.8085865378526673 0.0 -0.5883772691083816
254.666674256 8.858971297004056 0.0 4.159873611184839 0.0 0.7847705066132381 0.0 -0.6197864567332861
254.916674264 8.813426582073419 0.0 4.0777097212193025 0.0 0.7886467991238415 0.0 -0.6148465062368973
255.83340935 8.781809713892763 0.0 4.187955765543981 0.0 0.7808173615310271 0.0 -0.6247593520162186
255.166674271 8.520270824996166 0.0 4.38332725878474 0.0 0.7763074968633502 0.0 -0.6303544005666651
255.416674279 8.469210286500537 0.0 4.37781863653873 0.0 0.7769014106946673 0.0 -0.6296222661728507
255.583340950 8.474764889725119 0.0 4.407160409483715 0.0 0.7761415574166891 0.0 -0.630558706902693
255.916674294 8.379466756249725 0.0 4.4226793214823585 0.0 0.7754738244063558 0.0 -0.6313797174922396
256.83340965 8.393290381046187 0.0 4.381425475695024 0.0 0.7770836311651578 0.0 -0.6293973547570509
256.166674301 8.471221725255207 0.0 4.459190861081821 0.0 0.7814886266105059 0.0 -0.6239194871763706
256.500007644 8.518164832753056 0.0 4.446212327499177 0.0 0.7949031831719762 0.0 -0.606736293115106
256.750007652 8.312145646405781 0.0 4.458508702010931 0.0 0.8055523516994505 0.0 -0.5925246059628957
256.916674323 8.292639450737852 0.0 4.446585944877739 0.0 0.8064308168020178 0.0 -0.5913284516341408
257.166674331 8.23440332605236 0.0 4.432810462297738 0.0 0.8073324371341526 0.0 -0.5900968869186056
257.333341002 8.03111837291656 0.0 4.444632927754041 0.0 0.8099843467065828 0.0 -0.586451496792625
257.583341010 8.066278930602197 0.0 4.416742545485149 0.0 0.8114641268917367 0.0 -0.5844022337122193
257.833341017 7.998565168637314 0.0 4.504040469841945 0.0 0.8102027208139446 0.0 -0.5861497685623371
258.83341025 7.936020893562454 0.0 4.428596123153023 0.0 0.8067318823214062 0.0 -0.5909176508162206
258.250007696 7.8843685247363915 0.0 4.394900984827884 0.0 0.8056663853207742 0.0 -0.5923695430760749
258.416674368 8.006662191267111 0.0 4.400163085898686 0.0 0.8067038261044287 0.0 -0.5909559517836128
258.666674376 8.380785734135864 0.0 4.389442546842038 0.0 0.7943883052051831 0.0 -0.6074102572012074
258.833341047 7.7400069279469115 0.0 4.824504787061556 0.0 0.7808877464491647 0.0 -0.6246713755612188
259.7719 7.705110145745632 0.0 4.7950415615101605 0.0 0.7826267919080655 0.0 -0.6224912084420868
259.250007726 7.718225694315759 0.0 4.790690284214258 0.0 0.7830655987136769 0.0 -0.6219391192964072
259.416674398 7.731933801685177 0.0 4.809380255904975 0.0 0.7816019654521696 0.0 -0.6237774984730577
259.500007734 7.723993121646711 0.0 4.794661568673071 0.0 0.7822942930093383 0.0 -0.6229090135204495
259.750007741 7.650338918938466 0.0 4.859934810690544 0.0 0.7805828026108914 0.0 -0.6250523884188638
260.83341084 7.624919082029958 0.0 4.829821179376493 0.0 0.7840195434464845 0.0 -0.6207361399934485
260.166674420 7.325692206021534 0.0 4.967840273968582 0.0 0.7791334856069471 0.0 -0.6268580474126252
260.416674428 7.267515386995502 0.0 4.9625347183135196 0.0 0.7802007398853604 0.0 -0.6255292203265457
260.583341099 7.192475012011217 0.0 4.973466414437759 0.0 0.7801617364663338 0.0 -0.625577864820867
260.833341107 7.23263896378222 0.0 4.991548807084556 0.0 0.779943025468175 0.0 -0.6258505229074668
261.7778 7.1403760593019285 0.0 5.007855778043757 0.0 0.7792226869952226 0.0 -0.62674716119975
261.83341114 7.08256433097273 0.0 5.05495970585981 0.0 0.778011811549331 0.0 -0.6282496486984518
261.333341122 7.098041752972103 0.0 5.051480126579843 0.0 0.7782820977347341 0.0 -0.6279147843024734
261.500007793 7.107556335052208 0.0 5.088586901178872 0.0 0.7764846790371756 0.0 -0.6301361307055282
261.666674465 7.079076575141456 0.0 5.091058402288037 0.0 0.7762886464377154 0.0 -0.6303776149356033
262.7808 7.015062274699679 0.0 5.223063649071163 0.0 0.7761361752429163 0.0 -0.630565331650335
262.166674480 7.042161943409635 0.0 5.242521225249125 0.0 0.7746431167199044 0.0 -0.6323986414584336
262.333341151 6.843220289024885 0.0 5.292527315930331 0.0 0.7734711429708415 0.0 -0.6338315162496894
262.666674495 6.855735091858849 0.0 5.422760418009101 0.0 0.7708308527571038 0.0 -0.6370398703674331
262.750007831 6.85128864016135 0.0 5.370473810983452 0.0 0.7722772841853863 0.0 -0.6352856021753085
263.7838 6.817841898382728 0.0 5.429336380536662 0.0 0.7710839293086578 0.0 -0.6367335187988149
263.166674510 6.8073465355718525 0.0 5.497449119131842 0.0 0.7711086610846954 0.0 -0.6367035674473389
263.333341181 6.586539635881879 0.0 5.364369492625319 0.0 0.7747251535776521 0.0 -0.6322981388665343
263.666674525 6.550712529147429 0.0 5.489612934873431 0.0 0.7724378829857979 0.0 -0.6350903218664402
263.916674532 6.522982852766342 0.0 5.373880138333321 0.0 0.773772320157452 0.0 -0.6334638084043583
264.7868 6.540030828229718 0.0 5.463339462160877 0.0 0.773703617594315 0.0 -0.6335477188984822
264.166674539 6.623004454028679 0.0 5.422522558962108 0.0 0.7726667232299184 0.0 -0.6348118893130001
264.416674547 6.5288426234160095 0.0 5.496630350383683 0.0 0.772095965007588 0.0 -0.6355059565566648
264.500007883 6.5936502712411595 0.0 5.453570863766219 0.0 0.7726724325081725 0.0 -0.6348049401524091
264.750007890 6.552165951590281 0.0 5.45868530602166 0.0 0.7724936763230636 0.0 -0.6350224563280247
264.916674562 6.571263859001824 0.0 5.461520175851271 0.0 0.7710523899640488 0.0 -0.636771711000676
265.166674569 6.438899096435805 0.0 5.549902467738565 0.0 0.7729094124002247 0.0 -0.6345163829430566
265.500007913 5.9867481496943995 0.0 5.359534765568884 0.0 0.7770104248733637 0.0 -0.629487727948778
265.833341256 6.007596333585185 0.0 5.183863557804221 0.0 0.7740163767391817 0.0 -0.6331655775068233
265.916674592 5.779181553555478 0.0 5.123618729513236 0.0 0.7750340127515731 0.0 -0.6319195194628776
266.166674599 5.902738650359992 0.0 4.801875681260981 0.0 0.7735161943931977 0.0 -0.6337765355481889
266.416674607 5.8723692670977785 0.0 4.540461070922403 0.0 0.7731841120947684 0.0 -0.634181621307512
266.500007942 5.953207725887352 0.0 4.466268345013385 0.0 0.772808385696281 0.0 -0.6346394243958597
266.666674614 5.929006800689078 0.0 4.45753812657363 0.0 0.772854470774186 0.0 -0.6345833018637922
267.7957 5.896353279047857 0.0 4.4968387723380445 0.0 0.7729332152850747 0.0 -0.6344873873522436
267.250007965 5.91357542743404 0.0 4.509619120275118 0.0 0.7727879431322665 0.0 -0.6346643167450025
267.416674636 5.939589535699274 0.0 4.510444566485553 0.0 0.7727856942740519 0.0 -0.6346670550181186
267.666674644 6.058996528325709 0.0 4.4778294958856515 0.0 0.7717678778028981 0.0 -0.6359043503480777
267.833341315 6.039333113940691 0.0 4.465678874547949 0.0 0.7718573286017656 0.0 -0.6357957724645124
268.83341323 5.990034164608921 0.0 4.332428434637384 0.0 0.7723094289997334 0.0 -0.6352465237040702
268.250007994 5.657395285630953 0.0 4.03845977410624 0.0 0.7723039126525183 0.0 -0.6352532302173769
268.500008002 5.189816651957685 0.0 4.922096435575939 0.0 0.7248992090494433 0.0 -0.6888549460659275
268.666674674 4.970688130336637 0.0 5.352971231648256 0.0 -0.6954686094377988 0.0 0.718556478842585
268.916674681 4.89814142348403 0.0 5.253340598321129 0.0 -0.6889961775594621 0.0 0.7247649738421762
269.166674688 4.890563388202086 0.0 5.464498244364131 0.0 -0.6652525434115527 0.0 0.7466184122324202
269.333341360 4.746254129369304 0.0 5.417450438511157 0.0 -0.6545896389400312 0.0 0.7559843944105986
269.500008032 4.56847323243951 0.0 5.35909464227874 0.0 -0.6447338442706309 0.0 0.7644071363167758
269.666674703 4.188532141416783 0.0 5.146521247686971 0.0 -0.6317130985924212 0.0 0.7752022710665663
269.833341375 4.217055121465821 0.0 5.3272353439610445 0.0 -0.6199616748600182 0.0 0.7846320932161526
270.250008054 3.9527354236857506 0.0 5.086489175518788 0.0 -0.5925991611811386 0.0 0.8054975072384836
270.333341390 4.0293241868527385 0.0 4.954958930053152 0.0 -0.5806935511319411 0.0 0.8141222264953681
270.583341397 3.949969072030677 0.0 4.960373345934666 0.0 -0.5746913190670567 0.0 0.8183702632604428
270.750008069 3.962734336644574 0.0 4.863314514044276 0.0 -0.5777831957868362 0.0 0.8161902833692339
270.916674741 3.9898716902479663 0.0 4.839770417949351 0.0 -0.576910411964133 0.0 0.8168074293047134
271.166674748 3.7255890793806725 0.0 4.715926701430427 0.0 -0.5648310442935489 0.0 0.825206574987293
271.250008084 3.6022766415855934 0.0 4.725748899831861 0.0 -0.5606756044207069 0.0 0.8280355467052577
271.500008091 3.7848706884323806 0.0 4.559951880271147 0.0 -0.5488268954547534 0.0 0.8359360255578755
271.750008099 4.1757156382958085 0.0 4.069044143052657 0.0 -0.5529568902027289 0.0 0.8332098640662672
271.916674770 4.185416295483353 0.0 4.067892585519412 0.0 -0.550049453595067 0.0 0.8351320845230221
272.166674778 4.176531796340528 0.0 3.903568798964737 0.0 -0.5444234764894045 0.0 0.8388105139107347
272.416674785 4.345065942676462 0.0 3.6738202444104875 0.0 -0.5315560795323622 0.0 0.8470231014040792
272.666674793 4.475687335721377 0.0 3.5578503569759348 0.0 -0.5158943908246781 0.0 0.8566521916832025
272.833341464 4.508352065835883 0.0 3.484907656774702 0.0 -0.5164225407889712 0.0 0.8563339064670179
273.83341472 4.387451365565677 0.0 3.494678198132315 0.0 -0.5155532267695184 0.0 0.856857555470883
273.250008143 4.298236434721669 0.0 3.41725223349127 0.0 -0.5014819065665661 0.0 0.8651681324380608
273.416674815 4.260068125021875 0.0 3.420444860777156 0.0 -0.49145442094924563 0.0 0.8709032966578102
273.833341494 4.166501229390821 0.0 3.354641784200905 0.0 -0.48195031879149586 0.0 0.8761985449752673
274.8166 4.2028491934386984 0.0 3.2651596522844217 0.0 -0.4837076131293056 0.0 0.8752296527202161
274.166674837 4.148114194724584 0.0 3.2522607904789833 0.0 -0.4857646452012064 0.0 0.8740896461305019
274.333341509 4.100094153137214 0.0 3.240734876224307 0.0 -0.478069021281711 0.0 0.8783222705196237
274.500008181 4.0398420858544775 0.0 3.2273804831187602 0.0 -0.46044608652958996 0.0 0.8876876710868442
274.916674860 3.847347594259627 0.0 3.1693470226666545 0.0 -0.4283740692260853 0.0 0.9036014922601031
275.8196 3.8100694080543067 0.0 3.1567858084417457 0.0 -0.42802080920440394 0.0 0.9037688791322741
275.250008203 3.8303335237549034 0.0 3.0475705850142307 0.0 -0.4317130833232982 0.0 0.9020109831301895
275.416674875 3.8550942695965236 0.0 2.9854295140991507 0.0 -0.42183935766925756 0.0 0.9066705886490354
275.583341546 3.8228925521447237 0.0 2.9046374297733792 0.0 -0.4054784145713006 0.0 0.9141046194592523
275.750008218 3.7205085965903244 0.0 2.8164160175718314 0.0 -0.3843520919236097 0.0 0.9231865843013237
276.83341561 3.774041730448785 0.0 2.7575114142913337 0.0 -0.3835536216579194 0.0 0.9235186079950385
276.250008233 3.6463132555880935 0.0 2.8044169463716937 0.0 -0.3795390546582413 0.0 0.9251757162772533
276.500008240 3.746026187416256 0.0 2.6491218259212945 0.0 -0.37961633239852355 0.0 0.9251440105066312
276.666674912 3.706062489222762 0.0 2.6890938098453474 0.0 -0.3767682987218577 0.0 0.9263075348275199
276.916674919 3.4821929368724605 0.0 2.6908704147222013 0.0 -0.3828306609029835 0.0 0.9238185347093795
276.916674919 3.4942240277356587 0.0 2.6658115395718642 0.0 -0.3797683266163668 0.0 0.9250816278031926
277.83341591 3.670638516692718 0.0 2.5274757469695914 0.0 -0.3809584536821904 0.0 0.9245921568821976
277.500008270 3.609372103203446 0.0 2.421894415493069 0.0 -0.3777967601481444 0.0 0.9258885505402719
277.666674942 3.5473681931209304 0.0 2.4258055862233645 0.0 -0.3761909110741928 0.0 0.9265421730418798
277.916674949 3.442618084098308 0.0 2.394023934591416 0.0 -0.3804364418739778 0.0 0.9248070683630546
278.83341621 3.407665014494961 0.0 2.3645897617299716 0.0 -0.38004620556905233 0.0 0.9249675030143306
278.333341628 3.3205454587404724 0.0 2.380916516522268 0.0 -0.3754290311681494 0.0 0.926851143688211
278.500008300 3.377747611289216 0.0 2.2377256677856 0.0 -0.3805106316664861 0.0 0.9247765455442583
278.666674972 3.337958113340399 0.0 2.1655570015688306 0.0 -0.37455436818413085 0.0 0.9272049532191826
278.833341643 3.152910594831227 0.0 2.22266563656548 0.0 -0.3554308181084777 0.0 0.9347025909554002
279.83341651 3.2271699457092664 0.0 2.1026863974086347 0.0 -0.33243297008712663 0.0 0.9431268845701789
279.333341658 3.28952720098371 0.0 1.9373556486100834 0.0 -0.3313046033655399 0.0 0.9435238522627832
279.416674994 3.234904827237439 0.0 1.9262184869625951 0.0 -0.32974123797990096 0.0 0.9440713511040795
279.666675001 3.2205262262402217 0.0 1.8610270264710747 0.0 -0.3294205054584638 0.0 0.9441833140780926
279.833341673 3.171598464147964 0.0 1.8360163744353457 0.0 -0.3286916867079849 0.0 0.9444372795951355
280.8345 3.1935475799601165 0.0 1.746476143909184 0.0 -0.3294748076564081 0.0 0.9441643665801908
280.250008352 3.121568852810328 0.0 1.695258551239571 0.0 -0.3145955964345077 0.0 0.9492257954269976
280.416675024 3.0057657633713903 0.0 1.7233521541034893 0.0 -0.29428720741157843 0.0 0.9557170290174256
280.666675031 3.0291547220144865 0.0 1.6014579125234258 0.0 -0.30107744898915567 0.0 0.9535996904939632
280.833341703 2.8196587666396855 0.0 1.6459308200042175 0.0 -0.28850543803305934 0.0 0.9574782567898619
281.8374 2.8903120945196292 0.0 1.5012366871737466 0.0 -0.2966489342819199 0.0 0.9549866018899957
281.250008382 2.72421399497198 0.0 1.5238598400892258 0.0 -0.28900096794110114 0.0 0.9573288048153082
281.416675054 2.859454629491034 0.0 1.5209236170417693 0.0 -0.2932510486569564 0.0 0.9560354713406796
281.583341725 2.762847636921963 0.0 1.575079840211067 0.0 -0.28739357868461907 0.0 0.9578125760976662
281.833341733 2.711113804910559 0.0 1.5675114202224671 0.0 -0.2817639565624986 0.0 0.9594837532664356
281.916675068 2.811142044875071 0.0 1.404077847420409 0.0 -0.29367227568336796 0.0 0.9559061640636867
282.166675076 2.799644511400694 0.0 1.2457550273906608 0.0 -0.3002048687045757 0.0 0.9538747490137626
282.416675083 2.747711442533601 0.0 1.2196155763781096 0.0 -0.2983287500169065 0.0 0.9544631773480579
282.750008427 2.750040594648297 0.0 1.1483020636118033 0.0 -0.2932123812667127 0.0 0.9560473311881081
282.916675098 2.6447501786761345 0.0 1.1496908364373242 0.0 -0.28966184740467266 0.0 0.9571290478081376
283.166675106 2.581155129100258 0.0 1.1706630471862745 0.0 -0.2900555729335747 0.0 0.9570098038213484
283.333341777 2.5691061271177844 0.0 1.072709098625237 0.0 -0.2901123727630195 0.0 0.9569925867893705
283.583341785 2.6122690372051642 0.0 0.9001615150097921 0.0 -0.29939594034125394 0.0 0.9541289592645097
283.750008456 2.607264521945511 0.0 0.8650834668462507 0.0 -0.29931888071440077 0.0 0.9541531363716613
284.83341800 2.509714125424313 0.0 0.8770395263060883 0.0 -0.2942367289282316 0.0 0.9557325710415097
284.416675143 2.4911240262642806 0.0 0.7367880211320731 0.0 -0.3007766828532799 0.0 0.9536945984180561
284.500008479 2.4503907492320653 0.0 0.8441490166632263 0.0 -0.29164668420105505 0.0 0.9565261165250691
284.666675150 2.3923891040217597 0.0 0.7185570830847652 0.0 -0.2983081730158209 0.0 0.9544696086895398
285.8494 2.413698076098176 0.0 0.5556556941352235 0.0 -0.3068536763817442 0.0 0.9517567027822854
285.166675165 2.406918800778099 0.0 0.5225688738268894 0.0 -0.3058042890952496 0.0 0.9520943948847451
285.416675173 2.2993595602430776 0.0 0.5562940869719611 0.0 -0.29823990945411044 0.0 0.9544909409778617
285.666675180 2.3001104980086016 0.0 0.5481506757598907 0.0 -0.29822043245756397 0.0 0.9544970265353494
285.916675188 2.305972526116431 0.0 0.4103367502947921 0.0 -0.3018056557830134 0.0 0.9533694698999886
286.83341859 2.621904216930129 0.0 0.10619859653327107 0.0 -0.3191398244162799 0.0 0.947707640821549
286.333341867 2.535259229986065 0.0 0.010692905716768557 0.0 -0.3174313930648255 0.0 0.9482812402957913
286.583341874 2.516564162195669 0.0 -0.011370026806193539 0.0 -0.3177050164896281 0.0 0.9481896026097971
286.750008546 2.438533547539186 0.0 -0.03925074819924111 0.0 -0.3017119350332381 0.0 0.9533991337621925
287.8553 2.005763480036734 0.0 0.25317449544144277 0.0 -0.2571277437613335 0.0 0.9663774228468949
287.83341889 2.0276653878764317 0.0 0.13032467732296749 0.0 -0.24381180349426002 0.0 0.96982256339852
287.333341897 2.015853247075779 0.0 0.06280553767058963 0.0 -0.2462840949548388 0.0 0.969197680853744
287.500008568 1.9740714708134417 0.0 0.09244485369929167 0.0 -0.24852343238143373 0.0 0.9686258842078044
287.833341911 1.7974569402706109 0.0 0.07717412115241505 0.0 -0.24108937383458887 0.0 0.9705029179884241
288.166675255 1.7207763484731367 0.0 -0.05334707660077554 0.0 -0.2173401728942968 0.0 0.9760959221543123
288.416675262 1.7083266638194583 0.0 -0.14272755320760788 0.0 -0.19845650834781062 0.0 0.9801096950313242
288.583341934 1.6830892622879112 0.0 -0.1449808803833765 0.0 -0.1945526992578756 0.0 0.9808920670550225
288.833341941 1.6947100396605534 0.0 -0.2802363658084968 0.0 -0.18805425378447213 0.0 0.9821586417853102
289.83341949 1.481116481291396 0.0 -0.16499082340477172 0.0 -0.1743903550900523 0.0 0.9846765987122703
289.333341956 1.4440678189181608 0.0 -0.22776205440716943 0.0 -0.17166129294357668 0.0 0.9851560285076367
289.583341964 1.4356042023644462 0.0 -0.2703868155056041 0.0 -0.17509985190355612 0.0 0.9845506801903865
289.750008635 1.3821414156753637 0.0 -0.3708339012088814 0.0 -0.17550765552251216 0.0 0.9844780662122398
290.83341978 1.3207850015676734 0.0 -0.3821904647257835 0.0 -0.1749519798662122 0.0 0.9845769674032053
290.333341986 1.2980180860728177 0.0 -0.5109569893107243 0.0 -0.1773475257211049 0.0 0.9841482891925394
290.666675329 1.624893027552869 0.0 -0.8111323965313811 0.0 -0.19374926826223232 0.0 0.981051079734307
290.916675337 1.771707555424637 0.0 -0.9973161386665105 0.0 -0.20427625289282203 0.0 0.9789132814014058
291.250008680 1.54086046455445 0.0 -0.9953159699204891 0.0 -0.166039557406408 0.0 0.986119092897143
291.666675359 1.2711391033496307 0.0 -0.9550352456429475 0.0 -0.1299677512503245 0.0 0.991518221534498
291.833342031 1.1397400702952813 0.0 -1.0240385689241274 0.0 -0.10083444637791893 0.0 0.9949032186216198
292.166675374 1.1336869803668352 0.0 -1.1810394722761492 0.0 -0.06479671937877624 0.0 0.997898484394955
292.416675381 1.0683028512192487 0.0 -1.2280994920768256 0.0 -0.06224537278515761 0.0 0.9980608766838006
292.750008725 1.171999024974763 0.0 -1.3294969871309956 0.0 -0.05283620989517774 0.0 0.9986031919255579
292.916675396 1.1890941477319523 0.0 -1.3895508503493224 0.0 -0.045154700404651436 0.0 0.9989800063221317
293.83342068 1.4088452671769909 0.0 -1.5695367161783256 0.0 -0.03632894876169303 0.0 0.9993398858656
293.333342075 1.4733107691642129 0.0 -1.6536052743717558 0.0 -0.03280123949774999 0.0 0.999461894564976
293.583342083 1.3788854343703303 0.0 -1.6540282422541945 0.0 -0.0049724417739251655 0.0 0.9999876373349846
293.750008754 1.3024824597678812 0.0 -1.7446218087104646 0.0 0.009690575733771412 0.0 0.9999530452686006
294.8762 1.3781068732680903 0.0 -1.7692920746829286 0.0 0.01747302773369807 0.0 0.9998473349976071
294.166675434 1.4939004069384034 0.0 -1.8175983687452246 0.0 0.020796400998347293 0.0 0.9997837314667187
294.416675441 1.5412504337931823 0.0 -1.8513386179466451 0.0 0.033413364349953734 0.0 0.9994416176459819
294.750008784 1.6184287266262334 0.0 -1.953961108593897 0.0 0.05103948763788218 0.0 0.9986966359719364
295.8792 1.5153765845787586 0.0 -1.9839395442433245 0.0 0.06715542621765579 0.0 0.9977425262709438
295.250008799 1.5868717257148055 0.0 -2.05589761795864 0.0 0.06577631642135456 0.0 0.9978343931725534
295.416675471 1.639080611974715 0.0 -2.0992217253556333 0.0 0.08316881276398598 0.0 0.9965354728174151
295.750008814 1.6354591364134032 0.0 -2.226584783264925 0.0 0.10159238097746781 0.0 0.994826109492171
295.833342150 1.6563864381818478 0.0 -2.362260963106521 0.0 0.11585682114303918 0.0 0.9932659246116469
296.83342157 1.7277153746919196 0.0 -2.3329989992718456 0.0 0.11819712252574435 0.0 0.9929901511226755
296.250008829 1.7349768309205449 0.0 -2.4394617271093404 0.0 0.1358363999565599 0.0 0.9907312816535276
296.416675501 1.659928822774041 0.0 -2.4854120993324336 0.0 0.1450176486067404 0.0 0.989429068499896
296.583342172 1.822101243332197 0.0 -2.4076898456443168 0.0 0.15060495326266843 0.0 0.9885940259038335
296.833342180 1.8416628188669584 0.0 -2.4396607237831724 0.0 0.152337996410021 0.0 0.98832845494288
297.83342187 1.8637614118554322 0.0 -2.574442509443024 0.0 0.1798638471177588 0.0 0.9836915149069851
297.333342195 1.8341269232673532 0.0 -2.7100177645356363 0.0 0.19100718551466883 0.0 0.981588638423329
297.583342202 1.7219375652841868 0.0 -2.7687710421023737 0.0 0.21026135945481855 0.0 0.977645212088829
297.833342209 1.6647491080206722 0.0 -2.714840611051701 0.0 0.2168135130429536 0.0 0.9762130405613177
298.8881 1.6669446881392453 0.0 -2.8472857821338367 0.0 0.21826427949901261 0.0 0.975889698836286
298.166675553 1.8860200218423238 0.0 -3.0387270151389365 0.0 0.23539070232852594 0.0 0.9719008268631544
298.333342224 2.103101845761698 0.0 -2.9277377904290276 0.0 0.2335706411541251 0.0 0.9723398354437871
298.583342232 1.7728122122790004 0.0 -3.0217387950780097 0.0 0.25915903632766085 0.0 0.96583466177691
298.833342239 2.4600964445281077 0.0 -3.1761488869674825 0.0 0.29590335997674627 0.0 0.9552178817183398
299.83342247 2.343163723909816 0.0 -3.165185583257376 0.0 0.30455146835247426 0.0 0.9524958808962649
299.333342254 2.5340910571888706 0.0 -3.113357375839325 0.0 0.302032410931229 0.0 0.9532976569503719
299.583342262 2.5279195482289825 0.0 -3.164060961179061 0.0 0.3022698716247615 0.0 0.9532223899531265
299.833342269 2.4718453277912134 0.0 -3.3171307042407614 0.0 0.3056636456045735 0.0 0.9521395568695388
300.333342284 2.3411474420100364 0.0 -3.248903691177891 0.0 0.3366185377105044 0.0 0.9416410993949031
300.750008963 2.6598668191598294 0.0 -3.0301043064889672 0.0 0.34767968388638176 0.0 0.9376133730982433
301.8970 2.599139053644506 0.0 -3.1990495624024824 0.0 0.37293966859167854 0.0 0.9278555941474562
301.166675642 2.7473872250184606 0.0 -3.057646806623578 0.0 0.3737164856610298 0.0 0.9275429846347658
301.250008978 2.834171708064625 0.0 -3.0315067900484194 0.0 0.3766846613748568 0.0 0.926341549259726
301.333342314 2.8403559669719813 0.0 -3.1684808934210293 0.0 0.39061244400398093 0.0 0.9205552229981844
301.416675650 2.911603923908574 0.0 -3.2000739789084025 0.0 0.400273507659262 0.0 0.916395721872462
301.500008985 2.985310406139231 0.0 -3.253055489689624 0.0 0.4137433258519303 0.0 0.9103935744022931
301.583342321 2.808492657115114 0.0 -3.3273928311109424 0.0 0.42477563313231953 0.0 0.9052986587292821
301.666675657 2.960894509469716 0.0 -3.3131406001069754 0.0 0.4383869682365666 0.0 0.8987863294912488
301.750008993 2.958224301216438 0.0 -3.2419698628116222 0.0 0.43133168759369417 0.0 0.902193424536876
301.833342329 2.8914819737388777 0.0 -3.3167962694412654 0.0 0.43996160504154386 0.0 0.8980165845290767
301.916675664 2.8902013793633907 0.0 -3.2678957479852078 0.0 0.43886360997890833 0.0 0.8985536889002685
